#timebase=1345294336(ps)
,#voltbase=20000(mv/100)
#size=4000
-4.000E-01,0.002
-3.998E-01,0.002
-3.996E-01,0.002
-3.994E-01,0.002
-3.992E-01,0.000
-3.990E-01,0.001
-3.988E-01,0.001
-3.986E-01,0.001
-3.984E-01,0.002
-3.982E-01,0.001
-3.980E-01,0.002
-3.978E-01,0.002
-3.976E-01,0.002
-3.974E-01,0.002
-3.972E-01,0.002
-3.970E-01,0.003
-3.968E-01,0.002
-3.966E-01,0.002
-3.964E-01,0.003
-3.962E-01,0.004
-3.960E-01,0.002
-3.958E-01,0.002
-3.956E-01,0.002
-3.954E-01,0.002
-3.952E-01,0.002
-3.950E-01,0.002
-3.948E-01,0.002
-3.946E-01,0.000
-3.944E-01,0.000
-3.942E-01,0.002
-3.940E-01,0.003
-3.938E-01,0.002
-3.936E-01,0.002
-3.934E-01,0.002
-3.932E-01,0.001
-3.930E-01,0.001
-3.928E-01,0.002
-3.926E-01,0.001
-3.924E-01,0.002
-3.922E-01,0.002
-3.920E-01,0.002
-3.918E-01,0.002
-3.916E-01,0.003
-3.914E-01,0.002
-3.912E-01,0.001
-3.910E-01,0.001
-3.908E-01,0.001
-3.906E-01,0.001
-3.904E-01,0.001
-3.902E-01,0.002
-3.900E-01,0.002
-3.898E-01,0.001
-3.896E-01,0.001
-3.894E-01,0.002
-3.892E-01,0.001
-3.890E-01,0.002
-3.888E-01,0.003
-3.886E-01,0.002
-3.884E-01,0.002
-3.882E-01,0.002
-3.880E-01,0.002
-3.878E-01,0.001
-3.876E-01,0.000
-3.874E-01,0.002
-3.872E-01,0.002
-3.870E-01,0.000
-3.868E-01,0.002
-3.866E-01,0.002
-3.864E-01,0.002
-3.862E-01,0.002
-3.860E-01,0.002
-3.858E-01,0.002
-3.856E-01,0.001
-3.854E-01,0.001
-3.852E-01,0.000
-3.850E-01,-0.001
-3.848E-01,0.000
-3.846E-01,-0.001
-3.844E-01,0.000
-3.842E-01,-0.001
-3.840E-01,0.000
-3.838E-01,0.000
-3.836E-01,0.001
-3.834E-01,-0.001
-3.832E-01,0.001
-3.830E-01,0.002
-3.828E-01,0.000
-3.826E-01,0.001
-3.824E-01,-0.001
-3.822E-01,0.000
-3.820E-01,0.000
-3.818E-01,0.001
-3.816E-01,0.000
-3.814E-01,0.000
-3.812E-01,0.000
-3.810E-01,0.000
-3.808E-01,0.001
-3.806E-01,0.002
-3.804E-01,0.001
-3.802E-01,0.001
-3.800E-01,-0.001
-3.798E-01,-0.001
-3.796E-01,0.001
-3.794E-01,0.000
-3.792E-01,-0.001
-3.790E-01,0.000
-3.788E-01,0.002
-3.786E-01,0.001
-3.784E-01,0.000
-3.782E-01,0.000
-3.780E-01,0.000
-3.778E-01,0.001
-3.776E-01,0.001
-3.774E-01,0.002
-3.772E-01,0.000
-3.770E-01,0.001
-3.768E-01,0.002
-3.766E-01,0.003
-3.764E-01,0.003
-3.762E-01,0.003
-3.760E-01,0.002
-3.758E-01,0.003
-3.756E-01,0.002
-3.754E-01,0.002
-3.752E-01,0.002
-3.750E-01,0.003
-3.748E-01,0.003
-3.746E-01,0.002
-3.744E-01,0.003
-3.742E-01,0.003
-3.740E-01,0.003
-3.738E-01,0.004
-3.736E-01,0.002
-3.734E-01,0.002
-3.732E-01,0.001
-3.730E-01,0.002
-3.728E-01,0.002
-3.726E-01,0.001
-3.724E-01,0.002
-3.722E-01,0.002
-3.720E-01,0.002
-3.718E-01,0.002
-3.716E-01,0.002
-3.714E-01,0.002
-3.712E-01,0.002
-3.710E-01,0.000
-3.708E-01,0.000
-3.706E-01,0.001
-3.704E-01,0.000
-3.702E-01,0.000
-3.700E-01,0.001
-3.698E-01,-0.001
-3.696E-01,0.001
-3.694E-01,0.001
-3.692E-01,0.000
-3.690E-01,0.002
-3.688E-01,0.001
-3.686E-01,0.002
-3.684E-01,0.002
-3.682E-01,0.001
-3.680E-01,0.001
-3.678E-01,0.001
-3.676E-01,0.002
-3.674E-01,0.002
-3.672E-01,0.002
-3.670E-01,0.002
-3.668E-01,0.002
-3.666E-01,0.002
-3.664E-01,0.002
-3.662E-01,0.001
-3.660E-01,0.002
-3.658E-01,0.002
-3.656E-01,0.001
-3.654E-01,0.002
-3.652E-01,0.000
-3.650E-01,0.002
-3.648E-01,0.002
-3.646E-01,0.002
-3.644E-01,0.003
-3.642E-01,0.002
-3.640E-01,0.002
-3.638E-01,0.002
-3.636E-01,0.002
-3.634E-01,0.001
-3.632E-01,0.001
-3.630E-01,0.000
-3.628E-01,0.002
-3.626E-01,0.002
-3.624E-01,0.003
-3.622E-01,0.004
-3.620E-01,0.002
-3.618E-01,0.003
-3.616E-01,0.003
-3.614E-01,0.002
-3.612E-01,0.002
-3.610E-01,0.003
-3.608E-01,0.002
-3.606E-01,0.003
-3.604E-01,0.002
-3.602E-01,0.002
-3.600E-01,0.001
-3.598E-01,0.002
-3.596E-01,0.002
-3.594E-01,0.003
-3.592E-01,0.002
-3.590E-01,0.002
-3.588E-01,0.003
-3.586E-01,0.003
-3.584E-01,0.002
-3.582E-01,0.002
-3.580E-01,0.002
-3.578E-01,0.002
-3.576E-01,0.002
-3.574E-01,0.002
-3.572E-01,0.001
-3.570E-01,0.002
-3.568E-01,0.000
-3.566E-01,0.000
-3.564E-01,0.000
-3.562E-01,0.000
-3.560E-01,-0.001
-3.558E-01,0.001
-3.556E-01,0.000
-3.554E-01,0.001
-3.552E-01,0.001
-3.550E-01,0.001
-3.548E-01,0.001
-3.546E-01,0.001
-3.544E-01,-0.002
-3.542E-01,-0.002
-3.540E-01,0.001
-3.538E-01,0.001
-3.536E-01,0.002
-3.534E-01,0.002
-3.532E-01,0.003
-3.530E-01,0.002
-3.528E-01,-0.001
-3.526E-01,0.000
-3.524E-01,0.000
-3.522E-01,0.000
-3.520E-01,0.001
-3.518E-01,0.001
-3.516E-01,0.002
-3.514E-01,0.001
-3.512E-01,-0.001
-3.510E-01,-0.001
-3.508E-01,-0.001
-3.506E-01,-0.001
-3.504E-01,-0.001
-3.502E-01,0.000
-3.500E-01,0.001
-3.498E-01,0.001
-3.496E-01,0.000
-3.494E-01,0.000
-3.492E-01,-0.001
-3.490E-01,0.000
-3.488E-01,-0.002
-3.486E-01,-0.001
-3.484E-01,0.000
-3.482E-01,0.001
-3.480E-01,0.002
-3.478E-01,0.002
-3.476E-01,0.002
-3.474E-01,0.002
-3.472E-01,0.002
-3.470E-01,0.002
-3.468E-01,0.004
-3.466E-01,0.005
-3.464E-01,0.006
-3.462E-01,0.003
-3.460E-01,0.003
-3.458E-01,0.003
-3.456E-01,0.002
-3.454E-01,0.002
-3.452E-01,0.000
-3.450E-01,0.001
-3.448E-01,0.002
-3.446E-01,0.002
-3.444E-01,0.002
-3.442E-01,0.000
-3.440E-01,0.001
-3.438E-01,0.002
-3.436E-01,0.001
-3.434E-01,0.002
-3.432E-01,0.002
-3.430E-01,0.001
-3.428E-01,0.002
-3.426E-01,0.001
-3.424E-01,0.000
-3.422E-01,0.001
-3.420E-01,0.002
-3.418E-01,0.001
-3.416E-01,0.001
-3.414E-01,0.000
-3.412E-01,0.002
-3.410E-01,0.000
-3.408E-01,0.002
-3.406E-01,0.002
-3.404E-01,0.001
-3.402E-01,0.001
-3.400E-01,0.002
-3.398E-01,0.002
-3.396E-01,0.003
-3.394E-01,0.003
-3.392E-01,0.002
-3.390E-01,0.003
-3.388E-01,0.002
-3.386E-01,0.002
-3.384E-01,0.001
-3.382E-01,0.000
-3.380E-01,0.001
-3.378E-01,0.002
-3.376E-01,0.001
-3.374E-01,-0.001
-3.372E-01,-0.001
-3.370E-01,-0.001
-3.368E-01,-0.001
-3.366E-01,-0.002
-3.364E-01,-0.002
-3.362E-01,-0.002
-3.360E-01,-0.002
-3.358E-01,-0.002
-3.356E-01,-0.002
-3.354E-01,-0.002
-3.352E-01,-0.002
-3.350E-01,-0.002
-3.348E-01,-0.001
-3.346E-01,-0.002
-3.344E-01,-0.001
-3.342E-01,-0.001
-3.340E-01,-0.002
-3.338E-01,-0.002
-3.336E-01,-0.001
-3.334E-01,0.000
-3.332E-01,0.001
-3.330E-01,0.002
-3.328E-01,0.001
-3.326E-01,0.000
-3.324E-01,0.002
-3.322E-01,0.002
-3.320E-01,0.001
-3.318E-01,0.000
-3.316E-01,0.000
-3.314E-01,0.001
-3.312E-01,0.000
-3.310E-01,0.002
-3.308E-01,0.002
-3.306E-01,0.000
-3.304E-01,0.002
-3.302E-01,0.001
-3.300E-01,0.001
-3.298E-01,0.000
-3.296E-01,-0.001
-3.294E-01,0.000
-3.292E-01,0.001
-3.290E-01,0.002
-3.288E-01,0.002
-3.286E-01,0.001
-3.284E-01,0.001
-3.282E-01,0.001
-3.280E-01,0.001
-3.278E-01,0.000
-3.276E-01,0.001
-3.274E-01,0.000
-3.272E-01,0.002
-3.270E-01,0.000
-3.268E-01,0.001
-3.266E-01,-0.001
-3.264E-01,0.001
-3.262E-01,-0.001
-3.260E-01,0.001
-3.258E-01,0.002
-3.256E-01,0.000
-3.254E-01,0.001
-3.252E-01,0.000
-3.250E-01,0.001
-3.248E-01,0.002
-3.246E-01,0.000
-3.244E-01,0.000
-3.242E-01,0.000
-3.240E-01,0.001
-3.238E-01,0.002
-3.236E-01,0.002
-3.234E-01,0.002
-3.232E-01,0.001
-3.230E-01,-0.001
-3.228E-01,0.000
-3.226E-01,0.002
-3.224E-01,0.002
-3.222E-01,0.002
-3.220E-01,0.002
-3.218E-01,0.002
-3.216E-01,0.003
-3.214E-01,0.002
-3.212E-01,0.004
-3.210E-01,0.004
-3.208E-01,0.003
-3.206E-01,0.003
-3.204E-01,0.002
-3.202E-01,0.002
-3.200E-01,0.002
-3.198E-01,0.002
-3.196E-01,0.002
-3.194E-01,0.000
-3.192E-01,0.001
-3.190E-01,0.002
-3.188E-01,0.001
-3.186E-01,0.002
-3.184E-01,0.002
-3.182E-01,0.002
-3.180E-01,0.002
-3.178E-01,0.001
-3.176E-01,0.001
-3.174E-01,0.001
-3.172E-01,0.001
-3.170E-01,0.000
-3.168E-01,-0.001
-3.166E-01,0.000
-3.164E-01,0.000
-3.162E-01,-0.001
-3.160E-01,0.000
-3.158E-01,-0.001
-3.156E-01,-0.002
-3.154E-01,-0.001
-3.152E-01,-0.001
-3.150E-01,-0.001
-3.148E-01,-0.001
-3.146E-01,-0.001
-3.144E-01,0.000
-3.142E-01,0.000
-3.140E-01,0.000
-3.138E-01,-0.001
-3.136E-01,-0.001
-3.134E-01,0.000
-3.132E-01,0.000
-3.130E-01,0.000
-3.128E-01,0.000
-3.126E-01,0.000
-3.124E-01,0.002
-3.122E-01,0.002
-3.120E-01,0.002
-3.118E-01,0.002
-3.116E-01,0.003
-3.114E-01,0.003
-3.112E-01,0.002
-3.110E-01,0.001
-3.108E-01,0.000
-3.106E-01,0.002
-3.104E-01,0.002
-3.102E-01,0.000
-3.100E-01,0.001
-3.098E-01,0.000
-3.096E-01,-0.001
-3.094E-01,0.001
-3.092E-01,0.001
-3.090E-01,0.001
-3.088E-01,0.002
-3.086E-01,0.004
-3.084E-01,0.002
-3.082E-01,0.000
-3.080E-01,0.002
-3.078E-01,0.002
-3.076E-01,0.001
-3.074E-01,0.000
-3.072E-01,0.001
-3.070E-01,0.002
-3.068E-01,0.001
-3.066E-01,0.001
-3.064E-01,-0.001
-3.062E-01,-0.001
-3.060E-01,0.000
-3.058E-01,0.000
-3.056E-01,0.000
-3.054E-01,0.000
-3.052E-01,0.001
-3.050E-01,0.002
-3.048E-01,0.002
-3.046E-01,0.000
-3.044E-01,0.001
-3.042E-01,0.001
-3.040E-01,0.000
-3.038E-01,0.000
-3.036E-01,0.001
-3.034E-01,0.001
-3.032E-01,0.003
-3.030E-01,0.002
-3.028E-01,0.002
-3.026E-01,0.002
-3.024E-01,0.002
-3.022E-01,0.002
-3.020E-01,0.004
-3.018E-01,0.004
-3.016E-01,0.003
-3.014E-01,0.003
-3.012E-01,0.003
-3.010E-01,0.002
-3.008E-01,0.001
-3.006E-01,0.001
-3.004E-01,0.001
-3.002E-01,0.001
-3.000E-01,0.001
-2.998E-01,0.002
-2.996E-01,0.002
-2.994E-01,0.001
-2.992E-01,0.001
-2.990E-01,0.001
-2.988E-01,0.001
-2.986E-01,0.000
-2.984E-01,-0.001
-2.982E-01,0.000
-2.980E-01,0.000
-2.978E-01,0.000
-2.976E-01,0.002
-2.974E-01,0.001
-2.972E-01,0.002
-2.970E-01,0.002
-2.968E-01,0.002
-2.966E-01,0.004
-2.964E-01,0.003
-2.962E-01,0.003
-2.960E-01,0.001
-2.958E-01,0.000
-2.956E-01,0.001
-2.954E-01,0.000
-2.952E-01,0.001
-2.950E-01,0.003
-2.948E-01,0.003
-2.946E-01,0.002
-2.944E-01,0.002
-2.942E-01,0.002
-2.940E-01,0.003
-2.938E-01,0.002
-2.936E-01,0.002
-2.934E-01,0.003
-2.932E-01,0.002
-2.930E-01,0.004
-2.928E-01,0.004
-2.926E-01,0.003
-2.924E-01,0.002
-2.922E-01,0.002
-2.920E-01,0.002
-2.918E-01,0.002
-2.916E-01,0.002
-2.914E-01,0.002
-2.912E-01,0.003
-2.910E-01,0.002
-2.908E-01,0.002
-2.906E-01,0.001
-2.904E-01,0.002
-2.902E-01,0.001
-2.900E-01,0.001
-2.898E-01,0.001
-2.896E-01,0.001
-2.894E-01,0.001
-2.892E-01,0.001
-2.890E-01,0.001
-2.888E-01,0.000
-2.886E-01,0.001
-2.884E-01,0.000
-2.882E-01,0.001
-2.880E-01,-0.001
-2.878E-01,0.001
-2.876E-01,0.001
-2.874E-01,0.001
-2.872E-01,0.000
-2.870E-01,0.001
-2.868E-01,0.002
-2.866E-01,0.002
-2.864E-01,0.001
-2.862E-01,0.001
-2.860E-01,0.001
-2.858E-01,0.000
-2.856E-01,-0.002
-2.854E-01,0.000
-2.852E-01,0.000
-2.850E-01,0.000
-2.848E-01,0.000
-2.846E-01,0.001
-2.844E-01,0.001
-2.842E-01,0.001
-2.840E-01,0.001
-2.838E-01,0.002
-2.836E-01,0.000
-2.834E-01,0.000
-2.832E-01,0.001
-2.830E-01,0.001
-2.828E-01,0.002
-2.826E-01,0.000
-2.824E-01,0.000
-2.822E-01,0.001
-2.820E-01,0.002
-2.818E-01,-0.001
-2.816E-01,-0.001
-2.814E-01,0.000
-2.812E-01,0.002
-2.810E-01,0.002
-2.808E-01,0.002
-2.806E-01,0.002
-2.804E-01,0.003
-2.802E-01,0.002
-2.800E-01,0.003
-2.798E-01,0.003
-2.796E-01,0.002
-2.794E-01,0.003
-2.792E-01,0.003
-2.790E-01,0.003
-2.788E-01,0.002
-2.786E-01,0.001
-2.784E-01,0.002
-2.782E-01,0.002
-2.780E-01,0.003
-2.778E-01,0.002
-2.776E-01,0.003
-2.774E-01,0.002
-2.772E-01,0.002
-2.770E-01,0.002
-2.768E-01,0.002
-2.766E-01,0.002
-2.764E-01,0.001
-2.762E-01,0.002
-2.760E-01,0.002
-2.758E-01,0.002
-2.756E-01,0.002
-2.754E-01,0.003
-2.752E-01,0.002
-2.750E-01,0.002
-2.748E-01,0.002
-2.746E-01,0.002
-2.744E-01,0.002
-2.742E-01,0.003
-2.740E-01,0.004
-2.738E-01,0.004
-2.736E-01,0.003
-2.734E-01,0.003
-2.732E-01,0.002
-2.730E-01,0.002
-2.728E-01,0.002
-2.726E-01,0.002
-2.724E-01,0.002
-2.722E-01,0.003
-2.720E-01,0.001
-2.718E-01,0.001
-2.716E-01,0.001
-2.714E-01,0.002
-2.712E-01,0.001
-2.710E-01,0.001
-2.708E-01,0.001
-2.706E-01,0.002
-2.704E-01,0.002
-2.702E-01,0.000
-2.700E-01,0.001
-2.698E-01,0.000
-2.696E-01,0.002
-2.694E-01,0.000
-2.692E-01,0.000
-2.690E-01,0.000
-2.688E-01,0.001
-2.686E-01,0.000
-2.684E-01,0.002
-2.682E-01,0.000
-2.680E-01,0.000
-2.678E-01,0.002
-2.676E-01,0.002
-2.674E-01,0.002
-2.672E-01,0.004
-2.670E-01,0.002
-2.668E-01,0.003
-2.666E-01,0.002
-2.664E-01,0.002
-2.662E-01,0.001
-2.660E-01,-0.001
-2.658E-01,-0.001
-2.656E-01,-0.001
-2.654E-01,0.000
-2.652E-01,0.000
-2.650E-01,0.000
-2.648E-01,-0.001
-2.646E-01,0.001
-2.644E-01,-0.001
-2.642E-01,0.000
-2.640E-01,-0.001
-2.638E-01,0.000
-2.636E-01,0.001
-2.634E-01,0.000
-2.632E-01,0.002
-2.630E-01,0.002
-2.628E-01,0.003
-2.626E-01,0.001
-2.624E-01,0.000
-2.622E-01,0.000
-2.620E-01,0.000
-2.618E-01,0.001
-2.616E-01,0.000
-2.614E-01,0.001
-2.612E-01,0.001
-2.610E-01,0.001
-2.608E-01,0.001
-2.606E-01,0.001
-2.604E-01,0.001
-2.602E-01,0.002
-2.600E-01,0.002
-2.598E-01,0.002
-2.596E-01,0.002
-2.594E-01,0.002
-2.592E-01,0.003
-2.590E-01,0.003
-2.588E-01,0.002
-2.586E-01,0.002
-2.584E-01,0.004
-2.582E-01,0.002
-2.580E-01,0.002
-2.578E-01,0.002
-2.576E-01,0.002
-2.574E-01,0.001
-2.572E-01,0.002
-2.570E-01,0.000
-2.568E-01,0.000
-2.566E-01,-0.001
-2.564E-01,0.001
-2.562E-01,0.001
-2.560E-01,0.000
-2.558E-01,0.002
-2.556E-01,0.002
-2.554E-01,0.002
-2.552E-01,0.004
-2.550E-01,0.004
-2.548E-01,0.002
-2.546E-01,0.002
-2.544E-01,0.003
-2.542E-01,0.002
-2.540E-01,0.003
-2.538E-01,0.002
-2.536E-01,0.002
-2.534E-01,0.001
-2.532E-01,0.002
-2.530E-01,0.002
-2.528E-01,0.002
-2.526E-01,0.002
-2.524E-01,0.002
-2.522E-01,0.002
-2.520E-01,0.002
-2.518E-01,0.002
-2.516E-01,0.003
-2.514E-01,0.002
-2.512E-01,0.002
-2.510E-01,0.002
-2.508E-01,0.001
-2.506E-01,0.000
-2.504E-01,0.001
-2.502E-01,0.001
-2.500E-01,0.001
-2.498E-01,0.001
-2.496E-01,0.001
-2.494E-01,0.000
-2.492E-01,0.001
-2.490E-01,0.000
-2.488E-01,0.000
-2.486E-01,0.000
-2.484E-01,-0.001
-2.482E-01,0.000
-2.480E-01,0.000
-2.478E-01,0.001
-2.476E-01,0.002
-2.474E-01,0.000
-2.472E-01,0.001
-2.470E-01,0.001
-2.468E-01,-0.001
-2.466E-01,0.001
-2.464E-01,0.000
-2.462E-01,0.001
-2.460E-01,0.001
-2.458E-01,-0.001
-2.456E-01,0.000
-2.454E-01,0.002
-2.452E-01,0.002
-2.450E-01,0.002
-2.448E-01,0.001
-2.446E-01,0.001
-2.444E-01,0.000
-2.442E-01,0.001
-2.440E-01,0.001
-2.438E-01,0.001
-2.436E-01,0.002
-2.434E-01,0.002
-2.432E-01,0.002
-2.430E-01,0.001
-2.428E-01,0.001
-2.426E-01,0.002
-2.424E-01,0.001
-2.422E-01,0.001
-2.420E-01,0.002
-2.418E-01,0.000
-2.416E-01,0.001
-2.414E-01,0.001
-2.412E-01,0.001
-2.410E-01,0.002
-2.408E-01,0.001
-2.406E-01,0.000
-2.404E-01,0.001
-2.402E-01,0.000
-2.400E-01,-0.001
-2.398E-01,0.000
-2.396E-01,-0.001
-2.394E-01,-0.001
-2.392E-01,0.001
-2.390E-01,0.000
-2.388E-01,0.000
-2.386E-01,0.001
-2.384E-01,0.002
-2.382E-01,0.001
-2.380E-01,0.000
-2.378E-01,0.002
-2.376E-01,0.002
-2.374E-01,0.001
-2.372E-01,0.001
-2.370E-01,0.002
-2.368E-01,0.002
-2.366E-01,-0.001
-2.364E-01,0.000
-2.362E-01,0.000
-2.360E-01,0.001
-2.358E-01,0.000
-2.356E-01,0.001
-2.354E-01,0.002
-2.352E-01,0.002
-2.350E-01,0.002
-2.348E-01,0.002
-2.346E-01,0.002
-2.344E-01,0.002
-2.342E-01,0.003
-2.340E-01,0.002
-2.338E-01,0.001
-2.336E-01,0.002
-2.334E-01,0.000
-2.332E-01,0.000
-2.330E-01,0.000
-2.328E-01,0.000
-2.326E-01,0.001
-2.324E-01,0.001
-2.322E-01,0.000
-2.320E-01,0.000
-2.318E-01,0.001
-2.316E-01,0.001
-2.314E-01,0.001
-2.312E-01,0.000
-2.310E-01,0.001
-2.308E-01,-0.001
-2.306E-01,0.000
-2.304E-01,0.000
-2.302E-01,0.000
-2.300E-01,0.001
-2.298E-01,0.002
-2.296E-01,0.002
-2.294E-01,0.002
-2.292E-01,0.002
-2.290E-01,0.002
-2.288E-01,0.004
-2.286E-01,0.002
-2.284E-01,0.000
-2.282E-01,0.001
-2.280E-01,0.001
-2.278E-01,0.001
-2.276E-01,0.000
-2.274E-01,-0.001
-2.272E-01,0.000
-2.270E-01,0.000
-2.268E-01,-0.002
-2.266E-01,-0.001
-2.264E-01,0.000
-2.262E-01,0.001
-2.260E-01,-0.001
-2.258E-01,-0.001
-2.256E-01,-0.001
-2.254E-01,-0.001
-2.252E-01,0.000
-2.250E-01,0.002
-2.248E-01,0.002
-2.246E-01,0.002
-2.244E-01,0.003
-2.242E-01,0.000
-2.240E-01,0.002
-2.238E-01,0.001
-2.236E-01,0.001
-2.234E-01,0.001
-2.232E-01,0.001
-2.230E-01,0.001
-2.228E-01,-0.001
-2.226E-01,0.000
-2.224E-01,0.000
-2.222E-01,0.000
-2.220E-01,0.000
-2.218E-01,0.002
-2.216E-01,0.002
-2.214E-01,0.000
-2.212E-01,0.000
-2.210E-01,0.000
-2.208E-01,0.001
-2.206E-01,0.002
-2.204E-01,0.002
-2.202E-01,0.002
-2.200E-01,0.002
-2.198E-01,0.002
-2.196E-01,0.001
-2.194E-01,0.002
-2.192E-01,0.001
-2.190E-01,0.002
-2.188E-01,0.002
-2.186E-01,0.002
-2.184E-01,0.000
-2.182E-01,0.001
-2.180E-01,0.002
-2.178E-01,0.001
-2.176E-01,0.002
-2.174E-01,0.003
-2.172E-01,0.003
-2.170E-01,0.003
-2.168E-01,0.002
-2.166E-01,0.003
-2.164E-01,0.003
-2.162E-01,0.002
-2.160E-01,0.003
-2.158E-01,0.002
-2.156E-01,0.002
-2.154E-01,0.002
-2.152E-01,0.001
-2.150E-01,0.000
-2.148E-01,0.001
-2.146E-01,0.001
-2.144E-01,0.001
-2.142E-01,0.000
-2.140E-01,0.000
-2.138E-01,-0.001
-2.136E-01,0.000
-2.134E-01,0.001
-2.132E-01,0.002
-2.130E-01,0.002
-2.128E-01,-0.001
-2.126E-01,-0.001
-2.124E-01,0.000
-2.122E-01,0.001
-2.120E-01,-0.001
-2.118E-01,0.000
-2.116E-01,-0.002
-2.114E-01,0.000
-2.112E-01,0.000
-2.110E-01,0.000
-2.108E-01,-0.001
-2.106E-01,0.001
-2.104E-01,-0.001
-2.102E-01,0.000
-2.100E-01,0.002
-2.098E-01,0.002
-2.096E-01,0.002
-2.094E-01,0.002
-2.092E-01,0.000
-2.090E-01,0.001
-2.088E-01,0.001
-2.086E-01,0.001
-2.084E-01,0.002
-2.082E-01,0.002
-2.080E-01,0.001
-2.078E-01,0.002
-2.076E-01,0.003
-2.074E-01,0.002
-2.072E-01,0.001
-2.070E-01,0.002
-2.068E-01,0.003
-2.066E-01,0.003
-2.064E-01,0.002
-2.062E-01,0.001
-2.060E-01,0.002
-2.058E-01,0.000
-2.056E-01,0.001
-2.054E-01,0.001
-2.052E-01,0.002
-2.050E-01,0.002
-2.048E-01,0.000
-2.046E-01,0.002
-2.044E-01,0.002
-2.042E-01,0.002
-2.040E-01,0.002
-2.038E-01,0.002
-2.036E-01,0.002
-2.034E-01,0.002
-2.032E-01,0.002
-2.030E-01,0.003
-2.028E-01,0.004
-2.026E-01,0.002
-2.024E-01,0.003
-2.022E-01,0.002
-2.020E-01,0.002
-2.018E-01,0.002
-2.016E-01,0.003
-2.014E-01,0.002
-2.012E-01,0.002
-2.010E-01,0.003
-2.008E-01,0.003
-2.006E-01,0.003
-2.004E-01,0.003
-2.002E-01,0.002
-2.000E-01,0.002
-1.998E-01,0.003
-1.996E-01,0.002
-1.994E-01,0.003
-1.992E-01,0.004
-1.990E-01,0.003
-1.988E-01,0.003
-1.986E-01,0.003
-1.984E-01,0.002
-1.982E-01,0.003
-1.980E-01,0.003
-1.978E-01,0.004
-1.976E-01,0.003
-1.974E-01,0.003
-1.972E-01,0.002
-1.970E-01,0.004
-1.968E-01,0.004
-1.966E-01,0.003
-1.964E-01,0.003
-1.962E-01,0.000
-1.960E-01,0.001
-1.958E-01,0.001
-1.956E-01,0.001
-1.954E-01,-0.001
-1.952E-01,0.001
-1.950E-01,0.000
-1.948E-01,0.001
-1.946E-01,0.001
-1.944E-01,0.000
-1.942E-01,0.000
-1.940E-01,0.001
-1.938E-01,0.001
-1.936E-01,0.000
-1.934E-01,0.000
-1.932E-01,0.001
-1.930E-01,0.000
-1.928E-01,0.000
-1.926E-01,0.000
-1.924E-01,0.000
-1.922E-01,0.001
-1.920E-01,0.002
-1.918E-01,0.001
-1.916E-01,0.001
-1.914E-01,0.001
-1.912E-01,0.002
-1.910E-01,0.002
-1.908E-01,0.001
-1.906E-01,0.002
-1.904E-01,0.002
-1.902E-01,0.002
-1.900E-01,0.002
-1.898E-01,0.001
-1.896E-01,0.001
-1.894E-01,0.001
-1.892E-01,-0.001
-1.890E-01,0.000
-1.888E-01,0.000
-1.886E-01,0.002
-1.884E-01,0.001
-1.882E-01,0.002
-1.880E-01,0.002
-1.878E-01,0.001
-1.876E-01,0.001
-1.874E-01,0.001
-1.872E-01,0.000
-1.870E-01,0.002
-1.868E-01,0.001
-1.866E-01,0.002
-1.864E-01,0.002
-1.862E-01,0.001
-1.860E-01,0.001
-1.858E-01,0.002
-1.856E-01,0.001
-1.854E-01,0.002
-1.852E-01,0.002
-1.850E-01,0.002
-1.848E-01,0.002
-1.846E-01,0.002
-1.844E-01,0.001
-1.842E-01,0.002
-1.840E-01,0.002
-1.838E-01,0.002
-1.836E-01,0.002
-1.834E-01,0.002
-1.832E-01,0.002
-1.830E-01,-0.001
-1.828E-01,-0.001
-1.826E-01,-0.001
-1.824E-01,-0.002
-1.822E-01,-0.001
-1.820E-01,-0.001
-1.818E-01,-0.001
-1.816E-01,0.000
-1.814E-01,0.000
-1.812E-01,0.001
-1.810E-01,0.001
-1.808E-01,0.001
-1.806E-01,0.001
-1.804E-01,0.001
-1.802E-01,0.000
-1.800E-01,0.001
-1.798E-01,0.002
-1.796E-01,0.002
-1.794E-01,-0.001
-1.792E-01,0.001
-1.790E-01,0.002
-1.788E-01,0.001
-1.786E-01,0.002
-1.784E-01,0.002
-1.782E-01,0.001
-1.780E-01,0.002
-1.778E-01,0.002
-1.776E-01,0.003
-1.774E-01,0.002
-1.772E-01,0.002
-1.770E-01,0.003
-1.768E-01,0.004
-1.766E-01,0.003
-1.764E-01,0.002
-1.762E-01,0.003
-1.760E-01,0.003
-1.758E-01,0.002
-1.756E-01,0.002
-1.754E-01,0.002
-1.752E-01,0.001
-1.750E-01,0.002
-1.748E-01,0.002
-1.746E-01,0.001
-1.744E-01,0.002
-1.742E-01,0.000
-1.740E-01,0.000
-1.738E-01,0.001
-1.736E-01,0.001
-1.734E-01,0.001
-1.732E-01,0.002
-1.730E-01,0.001
-1.728E-01,0.002
-1.726E-01,0.003
-1.724E-01,0.003
-1.722E-01,0.003
-1.720E-01,0.005
-1.718E-01,0.003
-1.716E-01,0.005
-1.714E-01,0.006
-1.712E-01,0.005
-1.710E-01,0.006
-1.708E-01,0.005
-1.706E-01,0.005
-1.704E-01,0.003
-1.702E-01,0.004
-1.700E-01,0.003
-1.698E-01,0.004
-1.696E-01,0.002
-1.694E-01,0.004
-1.692E-01,0.002
-1.690E-01,0.003
-1.688E-01,0.002
-1.686E-01,0.002
-1.684E-01,0.002
-1.682E-01,0.003
-1.680E-01,0.003
-1.678E-01,0.003
-1.676E-01,0.003
-1.674E-01,0.002
-1.672E-01,0.002
-1.670E-01,0.002
-1.668E-01,0.002
-1.666E-01,0.002
-1.664E-01,0.002
-1.662E-01,0.003
-1.660E-01,0.002
-1.658E-01,0.001
-1.656E-01,0.002
-1.654E-01,0.002
-1.652E-01,0.002
-1.650E-01,0.002
-1.648E-01,0.002
-1.646E-01,0.002
-1.644E-01,0.003
-1.642E-01,0.000
-1.640E-01,0.002
-1.638E-01,0.004
-1.636E-01,0.002
-1.634E-01,0.002
-1.632E-01,0.002
-1.630E-01,0.001
-1.628E-01,0.001
-1.626E-01,-0.001
-1.624E-01,-0.001
-1.622E-01,-0.002
-1.620E-01,-0.001
-1.618E-01,0.001
-1.616E-01,0.001
-1.614E-01,0.000
-1.612E-01,0.000
-1.610E-01,0.001
-1.608E-01,-0.001
-1.606E-01,0.000
-1.604E-01,0.001
-1.602E-01,0.002
-1.600E-01,0.000
-1.598E-01,-0.001
-1.596E-01,-0.002
-1.594E-01,0.001
-1.592E-01,0.001
-1.590E-01,-0.001
-1.588E-01,0.001
-1.586E-01,0.001
-1.584E-01,0.000
-1.582E-01,-0.001
-1.580E-01,0.000
-1.578E-01,-0.001
-1.576E-01,0.000
-1.574E-01,-0.002
-1.572E-01,-0.002
-1.570E-01,-0.002
-1.568E-01,0.002
-1.566E-01,0.001
-1.564E-01,0.002
-1.562E-01,0.002
-1.560E-01,0.001
-1.558E-01,0.002
-1.556E-01,0.000
-1.554E-01,0.000
-1.552E-01,0.001
-1.550E-01,0.000
-1.548E-01,0.000
-1.546E-01,0.000
-1.544E-01,-0.001
-1.542E-01,-0.001
-1.540E-01,-0.001
-1.538E-01,0.001
-1.536E-01,0.001
-1.534E-01,0.001
-1.532E-01,0.000
-1.530E-01,0.000
-1.528E-01,0.000
-1.526E-01,0.000
-1.524E-01,0.000
-1.522E-01,0.001
-1.520E-01,0.002
-1.518E-01,0.004
-1.516E-01,0.002
-1.514E-01,0.002
-1.512E-01,0.001
-1.510E-01,0.002
-1.508E-01,0.000
-1.506E-01,0.002
-1.504E-01,0.001
-1.502E-01,0.001
-1.500E-01,0.001
-1.498E-01,-0.001
-1.496E-01,0.000
-1.494E-01,0.000
-1.492E-01,-0.001
-1.490E-01,-0.001
-1.488E-01,-0.001
-1.486E-01,0.000
-1.484E-01,0.001
-1.482E-01,-0.001
-1.480E-01,0.000
-1.478E-01,-0.001
-1.476E-01,-0.001
-1.474E-01,0.001
-1.472E-01,-0.002
-1.470E-01,-0.001
-1.468E-01,-0.002
-1.466E-01,-0.001
-1.464E-01,-0.002
-1.462E-01,-0.001
-1.460E-01,0.000
-1.458E-01,0.001
-1.456E-01,0.000
-1.454E-01,0.000
-1.452E-01,0.001
-1.450E-01,0.002
-1.448E-01,-0.001
-1.446E-01,0.000
-1.444E-01,0.002
-1.442E-01,0.002
-1.440E-01,0.001
-1.438E-01,0.002
-1.436E-01,0.002
-1.434E-01,0.002
-1.432E-01,0.002
-1.430E-01,0.001
-1.428E-01,0.001
-1.426E-01,0.000
-1.424E-01,0.001
-1.422E-01,0.001
-1.420E-01,0.001
-1.418E-01,0.001
-1.416E-01,0.001
-1.414E-01,0.001
-1.412E-01,0.001
-1.410E-01,0.000
-1.408E-01,0.000
-1.406E-01,0.000
-1.404E-01,0.000
-1.402E-01,0.000
-1.400E-01,0.000
-1.398E-01,0.000
-1.396E-01,-0.001
-1.394E-01,0.000
-1.392E-01,0.000
-1.390E-01,-0.001
-1.388E-01,0.000
-1.386E-01,-0.001
-1.384E-01,0.000
-1.382E-01,0.000
-1.380E-01,0.001
-1.378E-01,0.002
-1.376E-01,0.002
-1.374E-01,0.002
-1.372E-01,0.001
-1.370E-01,0.001
-1.368E-01,0.002
-1.366E-01,0.001
-1.364E-01,0.002
-1.362E-01,0.001
-1.360E-01,0.001
-1.358E-01,0.001
-1.356E-01,-0.001
-1.354E-01,0.000
-1.352E-01,0.002
-1.350E-01,0.002
-1.348E-01,0.001
-1.346E-01,0.001
-1.344E-01,0.001
-1.342E-01,0.001
-1.340E-01,0.000
-1.338E-01,0.000
-1.336E-01,0.000
-1.334E-01,0.000
-1.332E-01,0.002
-1.330E-01,0.002
-1.328E-01,0.001
-1.326E-01,-0.002
-1.324E-01,-0.001
-1.322E-01,-0.001
-1.320E-01,0.000
-1.318E-01,-0.002
-1.316E-01,-0.001
-1.314E-01,-0.001
-1.312E-01,-0.001
-1.310E-01,0.000
-1.308E-01,0.001
-1.306E-01,0.000
-1.304E-01,0.000
-1.302E-01,0.000
-1.300E-01,0.000
-1.298E-01,-0.001
-1.296E-01,0.000
-1.294E-01,0.002
-1.292E-01,-0.002
-1.290E-01,-0.001
-1.288E-01,0.001
-1.286E-01,-0.001
-1.284E-01,-0.002
-1.282E-01,0.000
-1.280E-01,-0.001
-1.278E-01,-0.001
-1.276E-01,-0.002
-1.274E-01,-0.002
-1.272E-01,0.000
-1.270E-01,0.000
-1.268E-01,0.000
-1.266E-01,0.001
-1.264E-01,0.002
-1.262E-01,0.001
-1.260E-01,0.001
-1.258E-01,0.001
-1.256E-01,0.002
-1.254E-01,0.000
-1.252E-01,0.002
-1.250E-01,0.002
-1.248E-01,0.000
-1.246E-01,0.001
-1.244E-01,0.001
-1.242E-01,0.001
-1.240E-01,0.001
-1.238E-01,0.004
-1.236E-01,0.002
-1.234E-01,0.004
-1.232E-01,0.004
-1.230E-01,0.003
-1.228E-01,0.003
-1.226E-01,0.003
-1.224E-01,0.001
-1.222E-01,0.002
-1.220E-01,0.002
-1.218E-01,0.002
-1.216E-01,0.002
-1.214E-01,0.002
-1.212E-01,0.002
-1.210E-01,0.001
-1.208E-01,0.002
-1.206E-01,0.003
-1.204E-01,0.003
-1.202E-01,0.003
-1.200E-01,0.002
-1.198E-01,0.002
-1.196E-01,0.001
-1.194E-01,0.001
-1.192E-01,0.002
-1.190E-01,0.001
-1.188E-01,0.002
-1.186E-01,0.002
-1.184E-01,0.003
-1.182E-01,0.002
-1.180E-01,0.002
-1.178E-01,0.002
-1.176E-01,0.003
-1.174E-01,0.003
-1.172E-01,0.002
-1.170E-01,0.000
-1.168E-01,0.001
-1.166E-01,0.000
-1.164E-01,0.002
-1.162E-01,0.000
-1.160E-01,0.001
-1.158E-01,0.001
-1.156E-01,0.000
-1.154E-01,-0.001
-1.152E-01,-0.001
-1.150E-01,0.001
-1.148E-01,0.000
-1.146E-01,0.001
-1.144E-01,0.000
-1.142E-01,0.001
-1.140E-01,0.002
-1.138E-01,0.000
-1.136E-01,-0.001
-1.134E-01,0.001
-1.132E-01,0.001
-1.130E-01,0.002
-1.128E-01,0.002
-1.126E-01,0.002
-1.124E-01,0.002
-1.122E-01,0.002
-1.120E-01,0.002
-1.118E-01,0.000
-1.116E-01,-0.001
-1.114E-01,0.001
-1.112E-01,0.001
-1.110E-01,0.000
-1.108E-01,-0.001
-1.106E-01,0.000
-1.104E-01,0.000
-1.102E-01,-0.001
-1.100E-01,-0.001
-1.098E-01,0.000
-1.096E-01,0.001
-1.094E-01,0.002
-1.092E-01,0.000
-1.090E-01,0.001
-1.088E-01,0.002
-1.086E-01,0.002
-1.084E-01,0.001
-1.082E-01,0.003
-1.080E-01,0.003
-1.078E-01,0.004
-1.076E-01,0.002
-1.074E-01,0.002
-1.072E-01,0.002
-1.070E-01,0.002
-1.068E-01,0.002
-1.066E-01,0.001
-1.064E-01,0.001
-1.062E-01,0.002
-1.060E-01,0.000
-1.058E-01,0.001
-1.056E-01,0.002
-1.054E-01,0.001
-1.052E-01,0.002
-1.050E-01,0.002
-1.048E-01,0.002
-1.046E-01,0.002
-1.044E-01,0.002
-1.042E-01,0.002
-1.040E-01,0.001
-1.038E-01,0.001
-1.036E-01,0.002
-1.034E-01,0.002
-1.032E-01,0.002
-1.030E-01,0.001
-1.028E-01,0.001
-1.026E-01,0.001
-1.024E-01,0.002
-1.022E-01,0.003
-1.020E-01,0.002
-1.018E-01,0.001
-1.016E-01,0.002
-1.014E-01,0.002
-1.012E-01,0.002
-1.010E-01,0.002
-1.008E-01,0.002
-1.006E-01,0.001
-1.004E-01,0.002
-1.002E-01,0.003
-1.000E-01,0.002
-9.980E-02,0.003
-9.960E-02,0.000
-9.940E-02,0.001
-9.920E-02,0.002
-9.900E-02,0.002
-9.880E-02,0.000
-9.860E-02,0.001
-9.840E-02,0.000
-9.820E-02,0.000
-9.800E-02,-0.001
-9.780E-02,0.000
-9.760E-02,0.000
-9.740E-02,0.001
-9.720E-02,0.001
-9.700E-02,0.002
-9.680E-02,0.002
-9.660E-02,0.001
-9.640E-02,0.000
-9.620E-02,0.001
-9.600E-02,0.002
-9.580E-02,0.001
-9.560E-02,0.000
-9.540E-02,-0.001
-9.520E-02,-0.001
-9.500E-02,0.001
-9.480E-02,0.001
-9.460E-02,0.000
-9.440E-02,0.001
-9.420E-02,-0.001
-9.400E-02,0.000
-9.380E-02,0.002
-9.360E-02,0.002
-9.340E-02,0.002
-9.320E-02,0.001
-9.300E-02,0.002
-9.280E-02,0.002
-9.260E-02,0.002
-9.240E-02,0.001
-9.220E-02,0.001
-9.200E-02,0.002
-9.180E-02,0.001
-9.160E-02,0.001
-9.140E-02,0.000
-9.120E-02,0.002
-9.100E-02,0.001
-9.080E-02,0.002
-9.060E-02,0.002
-9.040E-02,0.002
-9.020E-02,0.002
-9.000E-02,0.001
-8.980E-02,0.002
-8.960E-02,0.001
-8.940E-02,0.002
-8.920E-02,0.001
-8.900E-02,0.001
-8.880E-02,0.001
-8.860E-02,0.000
-8.840E-02,0.001
-8.820E-02,0.002
-8.800E-02,0.002
-8.780E-02,0.002
-8.760E-02,0.002
-8.740E-02,0.002
-8.720E-02,0.002
-8.700E-02,0.002
-8.680E-02,0.002
-8.660E-02,0.002
-8.640E-02,-0.001
-8.620E-02,-0.001
-8.600E-02,-0.001
-8.580E-02,-0.001
-8.560E-02,-0.001
-8.540E-02,0.000
-8.520E-02,0.000
-8.500E-02,0.000
-8.480E-02,0.001
-8.460E-02,0.002
-8.440E-02,0.002
-8.420E-02,0.002
-8.400E-02,0.002
-8.380E-02,0.001
-8.360E-02,0.001
-8.340E-02,0.000
-8.320E-02,0.002
-8.300E-02,0.002
-8.280E-02,0.002
-8.260E-02,0.002
-8.240E-02,0.002
-8.220E-02,0.002
-8.200E-02,0.002
-8.180E-02,0.001
-8.160E-02,-0.001
-8.140E-02,0.001
-8.120E-02,0.002
-8.100E-02,0.002
-8.080E-02,0.003
-8.060E-02,0.002
-8.040E-02,0.002
-8.020E-02,0.002
-8.000E-02,0.003
-7.980E-02,0.002
-7.960E-02,0.001
-7.940E-02,0.001
-7.920E-02,0.002
-7.900E-02,0.001
-7.880E-02,0.001
-7.860E-02,0.001
-7.840E-02,0.002
-7.820E-02,0.001
-7.800E-02,0.001
-7.780E-02,0.001
-7.760E-02,0.000
-7.740E-02,0.002
-7.720E-02,0.003
-7.700E-02,0.002
-7.680E-02,0.002
-7.660E-02,0.003
-7.640E-02,0.003
-7.620E-02,0.002
-7.600E-02,0.001
-7.580E-02,0.002
-7.560E-02,0.002
-7.540E-02,0.002
-7.520E-02,0.001
-7.500E-02,0.000
-7.480E-02,0.000
-7.460E-02,0.001
-7.440E-02,0.002
-7.420E-02,0.000
-7.400E-02,0.001
-7.380E-02,0.002
-7.360E-02,0.002
-7.340E-02,0.003
-7.320E-02,0.004
-7.300E-02,0.003
-7.280E-02,0.002
-7.260E-02,0.002
-7.240E-02,0.001
-7.220E-02,0.000
-7.200E-02,0.001
-7.180E-02,0.001
-7.160E-02,0.000
-7.140E-02,0.002
-7.120E-02,0.003
-7.100E-02,0.004
-7.080E-02,0.002
-7.060E-02,0.003
-7.040E-02,0.002
-7.020E-02,0.001
-7.000E-02,0.002
-6.980E-02,0.002
-6.960E-02,0.000
-6.940E-02,0.001
-6.920E-02,0.002
-6.900E-02,0.001
-6.880E-02,0.001
-6.860E-02,0.001
-6.840E-02,0.001
-6.820E-02,0.001
-6.800E-02,0.002
-6.780E-02,0.002
-6.760E-02,0.002
-6.740E-02,0.002
-6.720E-02,0.001
-6.700E-02,0.000
-6.680E-02,0.002
-6.660E-02,0.001
-6.640E-02,0.001
-6.620E-02,0.000
-6.600E-02,0.000
-6.580E-02,-0.001
-6.560E-02,0.000
-6.540E-02,-0.001
-6.520E-02,0.002
-6.500E-02,0.002
-6.480E-02,0.002
-6.460E-02,0.001
-6.440E-02,0.001
-6.420E-02,0.001
-6.400E-02,0.000
-6.380E-02,0.002
-6.360E-02,0.001
-6.340E-02,0.001
-6.320E-02,0.000
-6.300E-02,0.001
-6.280E-02,0.001
-6.260E-02,0.001
-6.240E-02,0.000
-6.220E-02,0.002
-6.200E-02,0.002
-6.180E-02,0.001
-6.160E-02,0.002
-6.140E-02,0.003
-6.120E-02,0.002
-6.100E-02,0.002
-6.080E-02,0.002
-6.060E-02,0.003
-6.040E-02,0.000
-6.020E-02,0.001
-6.000E-02,0.002
-5.980E-02,0.002
-5.960E-02,0.001
-5.940E-02,0.002
-5.920E-02,0.001
-5.900E-02,0.001
-5.880E-02,0.002
-5.860E-02,-0.001
-5.840E-02,-0.001
-5.820E-02,-0.001
-5.800E-02,0.000
-5.780E-02,-0.001
-5.760E-02,-0.001
-5.740E-02,-0.001
-5.720E-02,-0.001
-5.700E-02,0.002
-5.680E-02,0.001
-5.660E-02,0.002
-5.640E-02,0.002
-5.620E-02,0.002
-5.600E-02,0.001
-5.580E-02,0.000
-5.560E-02,0.001
-5.540E-02,0.000
-5.520E-02,0.000
-5.500E-02,0.002
-5.480E-02,0.002
-5.460E-02,0.002
-5.440E-02,0.002
-5.420E-02,0.002
-5.400E-02,0.003
-5.380E-02,0.001
-5.360E-02,0.001
-5.340E-02,0.001
-5.320E-02,0.001
-5.300E-02,0.003
-5.280E-02,0.002
-5.260E-02,0.002
-5.240E-02,0.001
-5.220E-02,0.003
-5.200E-02,0.002
-5.180E-02,0.002
-5.160E-02,0.003
-5.140E-02,0.003
-5.120E-02,0.002
-5.100E-02,0.002
-5.080E-02,0.003
-5.060E-02,0.002
-5.040E-02,0.002
-5.020E-02,0.002
-5.000E-02,0.001
-4.980E-02,0.002
-4.960E-02,0.002
-4.940E-02,0.002
-4.920E-02,0.002
-4.900E-02,0.002
-4.880E-02,0.003
-4.860E-02,0.000
-4.840E-02,0.001
-4.820E-02,0.002
-4.800E-02,0.001
-4.780E-02,0.002
-4.760E-02,0.002
-4.740E-02,0.002
-4.720E-02,0.003
-4.700E-02,0.001
-4.680E-02,0.002
-4.660E-02,0.002
-4.640E-02,0.002
-4.620E-02,0.001
-4.600E-02,0.001
-4.580E-02,0.001
-4.560E-02,0.002
-4.540E-02,-0.001
-4.520E-02,0.001
-4.500E-02,0.001
-4.480E-02,0.001
-4.460E-02,-0.001
-4.440E-02,0.001
-4.420E-02,0.001
-4.400E-02,0.002
-4.380E-02,0.002
-4.360E-02,0.002
-4.340E-02,0.002
-4.320E-02,0.002
-4.300E-02,0.002
-4.280E-02,0.002
-4.260E-02,0.001
-4.240E-02,0.002
-4.220E-02,0.002
-4.200E-02,0.003
-4.180E-02,0.002
-4.160E-02,0.001
-4.140E-02,0.002
-4.120E-02,0.002
-4.100E-02,0.002
-4.080E-02,0.002
-4.060E-02,0.002
-4.040E-02,0.004
-4.020E-02,0.000
-4.000E-02,0.002
-3.980E-02,0.002
-3.960E-02,0.000
-3.940E-02,0.001
-3.920E-02,0.000
-3.900E-02,0.001
-3.880E-02,0.002
-3.860E-02,0.000
-3.840E-02,-0.001
-3.820E-02,0.000
-3.800E-02,-0.001
-3.780E-02,-0.001
-3.760E-02,0.000
-3.740E-02,0.000
-3.720E-02,0.000
-3.700E-02,-0.001
-3.680E-02,0.001
-3.660E-02,0.001
-3.640E-02,0.000
-3.620E-02,0.000
-3.600E-02,0.000
-3.580E-02,-0.001
-3.560E-02,0.000
-3.540E-02,0.001
-3.520E-02,0.001
-3.500E-02,0.001
-3.480E-02,0.001
-3.460E-02,0.001
-3.440E-02,0.000
-3.420E-02,0.000
-3.400E-02,0.001
-3.380E-02,0.001
-3.360E-02,-0.001
-3.340E-02,-0.002
-3.320E-02,-0.001
-3.300E-02,0.001
-3.280E-02,0.001
-3.260E-02,0.000
-3.240E-02,0.000
-3.220E-02,0.000
-3.200E-02,0.002
-3.180E-02,0.001
-3.160E-02,0.001
-3.140E-02,0.002
-3.120E-02,0.002
-3.100E-02,0.002
-3.080E-02,0.002
-3.060E-02,0.002
-3.040E-02,0.003
-3.020E-02,0.002
-3.000E-02,0.000
-2.980E-02,0.004
-2.960E-02,0.002
-2.940E-02,0.003
-2.920E-02,0.002
-2.900E-02,0.001
-2.880E-02,0.001
-2.860E-02,0.002
-2.840E-02,0.002
-2.820E-02,0.002
-2.800E-02,0.001
-2.780E-02,0.002
-2.760E-02,0.003
-2.740E-02,0.002
-2.720E-02,0.002
-2.700E-02,0.002
-2.680E-02,0.001
-2.660E-02,0.001
-2.640E-02,0.002
-2.620E-02,0.001
-2.600E-02,0.002
-2.580E-02,0.002
-2.560E-02,0.002
-2.540E-02,0.002
-2.520E-02,0.001
-2.500E-02,0.001
-2.480E-02,0.002
-2.460E-02,0.002
-2.440E-02,0.001
-2.420E-02,0.002
-2.400E-02,0.000
-2.380E-02,0.001
-2.360E-02,0.002
-2.340E-02,0.002
-2.320E-02,0.001
-2.300E-02,-0.002
-2.280E-02,-0.002
-2.260E-02,-0.002
-2.240E-02,-0.001
-2.220E-02,-0.001
-2.200E-02,-0.001
-2.180E-02,0.002
-2.160E-02,-0.001
-2.140E-02,0.000
-2.120E-02,0.000
-2.100E-02,0.001
-2.080E-02,-0.001
-2.060E-02,-0.001
-2.040E-02,-0.001
-2.020E-02,-0.001
-2.000E-02,-0.001
-1.980E-02,0.000
-1.960E-02,0.000
-1.940E-02,0.001
-1.920E-02,0.000
-1.900E-02,0.000
-1.880E-02,0.000
-1.860E-02,0.001
-1.840E-02,0.002
-1.820E-02,0.002
-1.800E-02,0.002
-1.780E-02,0.000
-1.760E-02,0.002
-1.740E-02,0.002
-1.720E-02,0.002
-1.700E-02,0.003
-1.680E-02,0.002
-1.660E-02,0.002
-1.640E-02,0.002
-1.620E-02,0.002
-1.600E-02,0.002
-1.580E-02,0.001
-1.560E-02,0.000
-1.540E-02,0.000
-1.520E-02,0.000
-1.500E-02,0.001
-1.480E-02,0.000
-1.460E-02,0.000
-1.440E-02,-0.001
-1.420E-02,0.001
-1.400E-02,0.002
-1.380E-02,0.004
-1.360E-02,0.003
-1.340E-02,0.006
-1.320E-02,0.007
-1.300E-02,0.008
-1.280E-02,0.010
-1.260E-02,0.010
-1.240E-02,0.010
-1.220E-02,0.011
-1.200E-02,0.010
-1.180E-02,0.012
-1.160E-02,0.010
-1.140E-02,0.010
-1.120E-02,0.010
-1.100E-02,0.009
-1.080E-02,0.009
-1.060E-02,0.010
-1.040E-02,0.010
-1.020E-02,0.010
-1.000E-02,0.010
-9.800E-03,0.009
-9.600E-03,0.009
-9.400E-03,0.007
-9.200E-03,0.007
-9.000E-03,0.006
-8.800E-03,0.006
-8.600E-03,0.005
-8.400E-03,0.004
-8.200E-03,0.005
-8.000E-03,0.006
-7.800E-03,0.005
-7.600E-03,0.005
-7.400E-03,0.005
-7.200E-03,0.004
-7.000E-03,0.003
-6.800E-03,0.003
-6.600E-03,0.002
-6.400E-03,0.003
-6.200E-03,0.006
-6.000E-03,0.004
-5.800E-03,0.003
-5.600E-03,0.003
-5.400E-03,0.002
-5.200E-03,0.003
-5.000E-03,0.005
-4.800E-03,0.005
-4.600E-03,0.004
-4.400E-03,0.004
-4.200E-03,0.004
-4.000E-03,0.004
-3.800E-03,0.004
-3.600E-03,0.003
-3.400E-03,0.003
-3.200E-03,0.002
-3.000E-03,0.003
-2.800E-03,0.003
-2.600E-03,0.003
-2.400E-03,0.003
-2.200E-03,0.002
-2.000E-03,0.003
-1.800E-03,0.002
-1.600E-03,0.002
-1.400E-03,0.002
-1.200E-03,0.001
-1.000E-03,0.010
-8.000E-04,0.013
-6.000E-04,0.027
-4.000E-04,0.046
-2.000E-04,0.064
0.000E+00,0.058
2.000E-04,0.042
4.000E-04,0.038
6.000E-04,0.042
8.000E-04,0.050
1.000E-03,0.066
1.200E-03,0.058
1.400E-03,0.040
1.600E-03,0.030
1.800E-03,0.036
2.000E-03,0.044
2.200E-03,0.059
2.400E-03,0.048
2.600E-03,0.030
2.800E-03,0.022
3.000E-03,0.024
3.200E-03,0.030
3.400E-03,0.046
3.600E-03,0.040
3.800E-03,0.023
4.000E-03,0.012
4.200E-03,0.014
4.400E-03,0.022
4.600E-03,0.039
4.800E-03,0.032
5.000E-03,0.017
5.200E-03,0.006
5.400E-03,0.007
5.600E-03,0.014
5.800E-03,0.035
6.000E-03,0.027
6.200E-03,0.012
6.400E-03,0.002
6.600E-03,0.004
6.800E-03,0.013
7.000E-03,0.030
7.200E-03,0.023
7.400E-03,0.010
7.600E-03,-0.002
7.800E-03,0.001
8.000E-03,0.006
8.200E-03,0.026
8.400E-03,0.018
8.600E-03,0.006
8.800E-03,-0.007
9.000E-03,-0.003
9.200E-03,0.003
9.400E-03,0.023
9.600E-03,0.015
9.800E-03,0.002
1.000E-02,-0.010
1.020E-02,-0.006
1.040E-02,0.000
1.060E-02,0.026
1.080E-02,0.014
1.100E-02,0.003
1.120E-02,-0.010
1.140E-02,-0.006
1.160E-02,-0.002
1.180E-02,0.019
1.200E-02,0.011
1.220E-02,0.000
1.240E-02,-0.014
1.260E-02,-0.010
1.280E-02,-0.006
1.300E-02,0.016
1.320E-02,0.010
1.340E-02,-0.002
1.360E-02,-0.014
1.380E-02,-0.012
1.400E-02,-0.008
1.420E-02,0.009
1.440E-02,0.007
1.460E-02,-0.002
1.480E-02,-0.018
1.500E-02,-0.014
1.520E-02,-0.008
1.540E-02,0.008
1.560E-02,0.006
1.580E-02,-0.002
1.600E-02,-0.017
1.620E-02,-0.014
1.640E-02,-0.011
1.660E-02,0.002
1.680E-02,0.003
1.700E-02,-0.003
1.720E-02,-0.017
1.740E-02,-0.016
1.760E-02,-0.013
1.780E-02,0.002
1.800E-02,0.003
1.820E-02,-0.003
1.840E-02,-0.015
1.860E-02,-0.016
1.880E-02,-0.013
1.900E-02,-0.004
1.920E-02,0.003
1.940E-02,-0.004
1.960E-02,-0.016
1.980E-02,-0.018
2.000E-02,-0.014
2.020E-02,-0.006
2.040E-02,-0.001
2.060E-02,-0.007
2.080E-02,-0.016
2.100E-02,-0.018
2.120E-02,-0.015
2.140E-02,-0.009
2.160E-02,0.000
2.180E-02,-0.006
2.200E-02,-0.014
2.220E-02,-0.016
2.240E-02,-0.014
2.260E-02,-0.009
2.280E-02,-0.002
2.300E-02,-0.006
2.320E-02,-0.015
2.340E-02,-0.018
2.360E-02,-0.014
2.380E-02,-0.010
2.400E-02,0.000
2.420E-02,-0.005
2.440E-02,-0.014
2.460E-02,-0.017
2.480E-02,-0.014
2.500E-02,-0.010
2.520E-02,-0.001
2.540E-02,-0.004
2.560E-02,-0.012
2.580E-02,-0.018
2.600E-02,-0.013
2.620E-02,-0.010
2.640E-02,-0.002
2.660E-02,-0.004
2.680E-02,-0.010
2.700E-02,-0.016
2.720E-02,-0.013
2.740E-02,-0.010
2.760E-02,-0.001
2.780E-02,-0.003
2.800E-02,-0.009
2.820E-02,-0.016
2.840E-02,-0.010
2.860E-02,-0.008
2.880E-02,0.002
2.900E-02,-0.002
2.920E-02,-0.009
2.940E-02,-0.016
2.960E-02,-0.013
2.980E-02,-0.010
3.000E-02,-0.001
3.020E-02,-0.008
3.040E-02,-0.014
3.060E-02,-0.022
3.080E-02,-0.016
3.100E-02,-0.014
3.120E-02,-0.001
3.140E-02,-0.006
3.160E-02,-0.014
3.180E-02,-0.022
3.200E-02,-0.016
3.220E-02,-0.013
3.240E-02,-0.004
3.260E-02,-0.006
3.280E-02,-0.013
3.300E-02,-0.021
3.320E-02,-0.015
3.340E-02,-0.012
3.360E-02,0.004
3.380E-02,-0.006
3.400E-02,-0.010
3.420E-02,-0.021
3.440E-02,-0.015
3.460E-02,-0.011
3.480E-02,0.002
3.500E-02,-0.004
3.520E-02,-0.010
3.540E-02,-0.022
3.560E-02,-0.015
3.580E-02,-0.010
3.600E-02,0.001
3.620E-02,-0.003
3.640E-02,-0.011
3.660E-02,-0.020
3.680E-02,-0.014
3.700E-02,-0.010
3.720E-02,0.005
3.740E-02,-0.002
3.760E-02,-0.010
3.780E-02,-0.021
3.800E-02,-0.015
3.820E-02,-0.010
3.840E-02,0.003
3.860E-02,-0.002
3.880E-02,-0.008
3.900E-02,-0.021
3.920E-02,-0.016
3.940E-02,-0.010
3.960E-02,0.000
3.980E-02,-0.002
4.000E-02,-0.008
4.020E-02,-0.021
4.040E-02,-0.016
4.060E-02,-0.011
4.080E-02,-0.002
4.100E-02,-0.001
4.120E-02,-0.006
4.140E-02,-0.021
4.160E-02,-0.016
4.180E-02,-0.010
4.200E-02,-0.002
4.220E-02,0.000
4.240E-02,-0.006
4.260E-02,-0.018
4.280E-02,-0.014
4.300E-02,-0.007
4.320E-02,-0.001
4.340E-02,0.002
4.360E-02,-0.005
4.380E-02,-0.018
4.400E-02,-0.015
4.420E-02,-0.010
4.440E-02,-0.004
4.460E-02,0.000
4.480E-02,-0.004
4.500E-02,-0.016
4.520E-02,-0.014
4.540E-02,-0.009
4.560E-02,-0.003
4.580E-02,0.002
4.600E-02,-0.003
4.620E-02,-0.015
4.640E-02,-0.014
4.660E-02,-0.009
4.680E-02,-0.002
4.700E-02,0.003
4.720E-02,-0.002
4.740E-02,-0.014
4.760E-02,-0.014
4.780E-02,-0.009
4.800E-02,-0.004
4.820E-02,0.004
4.840E-02,-0.002
4.860E-02,-0.014
4.880E-02,-0.014
4.900E-02,-0.010
4.920E-02,-0.006
4.940E-02,0.002
4.960E-02,-0.002
4.980E-02,-0.014
5.000E-02,-0.016
5.020E-02,-0.006
5.040E-02,-0.004
5.060E-02,0.006
5.080E-02,-0.001
5.100E-02,-0.010
5.120E-02,-0.010
5.140E-02,-0.004
5.160E-02,-0.002
5.180E-02,0.006
5.200E-02,0.002
5.220E-02,-0.009
5.240E-02,-0.012
5.260E-02,-0.005
5.280E-02,-0.002
5.300E-02,0.006
5.320E-02,0.001
5.340E-02,-0.009
5.360E-02,-0.014
5.380E-02,-0.005
5.400E-02,-0.003
5.420E-02,0.006
5.440E-02,0.003
5.460E-02,-0.006
5.480E-02,-0.013
5.500E-02,-0.006
5.520E-02,-0.002
5.540E-02,0.008
5.560E-02,0.003
5.580E-02,-0.005
5.600E-02,-0.014
5.620E-02,-0.006
5.640E-02,-0.002
5.660E-02,0.008
5.680E-02,0.003
5.700E-02,-0.005
5.720E-02,-0.012
5.740E-02,-0.005
5.760E-02,-0.001
5.780E-02,0.011
5.800E-02,0.007
5.820E-02,0.002
5.840E-02,-0.006
5.860E-02,0.000
5.880E-02,0.003
5.900E-02,0.014
5.920E-02,0.011
5.940E-02,0.002
5.960E-02,-0.007
5.980E-02,-0.002
6.000E-02,0.002
6.020E-02,0.013
6.040E-02,0.010
6.060E-02,0.004
6.080E-02,-0.006
6.100E-02,-0.001
6.120E-02,0.004
6.140E-02,0.014
6.160E-02,0.009
6.180E-02,0.004
6.200E-02,-0.008
6.220E-02,-0.002
6.240E-02,0.002
6.260E-02,0.018
6.280E-02,0.007
6.300E-02,0.001
6.320E-02,-0.010
6.340E-02,-0.004
6.360E-02,-0.001
6.380E-02,0.013
6.400E-02,0.007
6.420E-02,0.003
6.440E-02,-0.010
6.460E-02,-0.003
6.480E-02,0.000
6.500E-02,0.011
6.520E-02,0.009
6.540E-02,0.004
6.560E-02,-0.009
6.580E-02,-0.004
6.600E-02,0.001
6.620E-02,0.011
6.640E-02,0.007
6.660E-02,0.003
6.680E-02,-0.010
6.700E-02,-0.003
6.720E-02,-0.001
6.740E-02,0.006
6.760E-02,0.007
6.780E-02,0.002
6.800E-02,-0.010
6.820E-02,-0.006
6.840E-02,-0.001
6.860E-02,0.008
6.880E-02,0.009
6.900E-02,0.004
6.920E-02,-0.010
6.940E-02,-0.006
6.960E-02,-0.001
6.980E-02,0.007
7.000E-02,0.009
7.020E-02,0.003
7.040E-02,-0.010
7.060E-02,-0.007
7.080E-02,-0.001
7.100E-02,0.003
7.120E-02,0.007
7.140E-02,0.002
7.160E-02,-0.010
7.180E-02,-0.008
7.200E-02,-0.003
7.220E-02,0.002
7.240E-02,0.008
7.260E-02,0.002
7.280E-02,-0.007
7.300E-02,-0.007
7.320E-02,-0.002
7.340E-02,0.004
7.360E-02,0.010
7.380E-02,0.006
7.400E-02,-0.006
7.420E-02,-0.006
7.440E-02,0.000
7.460E-02,0.003
7.480E-02,0.010
7.500E-02,0.005
7.520E-02,-0.006
7.540E-02,-0.007
7.560E-02,-0.001
7.580E-02,0.004
7.600E-02,0.010
7.620E-02,0.005
7.640E-02,-0.005
7.660E-02,-0.009
7.680E-02,0.000
7.700E-02,0.002
7.720E-02,0.010
7.740E-02,0.006
7.760E-02,-0.003
7.780E-02,-0.009
7.800E-02,-0.004
7.820E-02,0.002
7.840E-02,0.010
7.860E-02,0.006
7.880E-02,-0.003
7.900E-02,-0.008
7.920E-02,-0.001
7.940E-02,0.001
7.960E-02,0.010
7.980E-02,0.006
8.000E-02,-0.003
8.020E-02,-0.008
8.040E-02,-0.003
8.060E-02,-0.001
8.080E-02,0.010
8.100E-02,0.006
8.120E-02,-0.001
8.140E-02,-0.008
8.160E-02,-0.003
8.180E-02,0.001
8.200E-02,0.010
8.220E-02,0.005
8.240E-02,-0.004
8.260E-02,-0.010
8.280E-02,-0.004
8.300E-02,-0.001
8.320E-02,0.010
8.340E-02,0.006
8.360E-02,-0.001
8.380E-02,-0.010
8.400E-02,-0.003
8.420E-02,0.001
8.440E-02,0.013
8.460E-02,0.006
8.480E-02,0.000
8.500E-02,-0.010
8.520E-02,-0.004
8.540E-02,0.000
8.560E-02,0.012
8.580E-02,0.008
8.600E-02,0.000
8.620E-02,-0.010
8.640E-02,-0.004
8.660E-02,-0.001
8.680E-02,0.010
8.700E-02,0.006
8.720E-02,0.001
8.740E-02,-0.010
8.760E-02,-0.004
8.780E-02,0.000
8.800E-02,0.012
8.820E-02,0.007
8.840E-02,-0.001
8.860E-02,-0.012
8.880E-02,-0.004
8.900E-02,-0.001
8.920E-02,0.016
8.940E-02,0.008
8.960E-02,0.002
8.980E-02,-0.010
9.000E-02,-0.004
9.020E-02,-0.001
9.040E-02,0.014
9.060E-02,0.009
9.080E-02,0.002
9.100E-02,-0.013
9.120E-02,-0.007
9.140E-02,-0.002
9.160E-02,0.010
9.180E-02,0.008
9.200E-02,0.002
9.220E-02,-0.010
9.240E-02,-0.005
9.260E-02,0.000
9.280E-02,0.011
9.300E-02,0.010
9.320E-02,0.004
9.340E-02,-0.009
9.360E-02,-0.004
9.380E-02,0.001
9.400E-02,0.008
9.420E-02,0.010
9.440E-02,0.004
9.460E-02,-0.009
9.480E-02,-0.005
9.500E-02,0.000
9.520E-02,0.007
9.540E-02,0.010
9.560E-02,0.004
9.580E-02,-0.009
9.600E-02,-0.006
9.620E-02,-0.002
9.640E-02,0.005
9.660E-02,0.008
9.680E-02,0.003
9.700E-02,-0.009
9.720E-02,-0.006
9.740E-02,-0.002
9.760E-02,0.005
9.780E-02,0.010
9.800E-02,0.004
9.820E-02,-0.008
9.840E-02,-0.005
9.860E-02,-0.001
9.880E-02,0.006
9.900E-02,0.010
9.920E-02,0.005
9.940E-02,-0.005
9.960E-02,-0.022
9.980E-02,-0.033
1.000E-01,-0.041
1.002E-01,-0.046
1.004E-01,-0.047
1.006E-01,-0.049
1.008E-01,-0.048
1.010E-01,-0.050
1.012E-01,-0.047
1.014E-01,-0.047
1.016E-01,-0.046
1.018E-01,-0.046
1.020E-01,-0.046
1.022E-01,-0.043
1.024E-01,-0.041
1.026E-01,-0.038
1.028E-01,-0.038
1.030E-01,-0.038
1.032E-01,-0.034
1.034E-01,-0.034
1.036E-01,-0.031
1.038E-01,-0.028
1.040E-01,-0.027
1.042E-01,-0.026
1.044E-01,-0.023
1.046E-01,-0.023
1.048E-01,-0.025
1.050E-01,-0.025
1.052E-01,-0.022
1.054E-01,-0.021
1.056E-01,-0.019
1.058E-01,-0.018
1.060E-01,-0.016
1.062E-01,-0.014
1.064E-01,-0.016
1.066E-01,-0.014
1.068E-01,-0.014
1.070E-01,-0.013
1.072E-01,-0.012
1.074E-01,-0.010
1.076E-01,-0.011
1.078E-01,-0.010
1.080E-01,-0.010
1.082E-01,-0.009
1.084E-01,-0.009
1.086E-01,-0.007
1.088E-01,-0.006
1.090E-01,-0.003
1.092E-01,-0.004
1.094E-01,-0.003
1.096E-01,-0.002
1.098E-01,0.000
1.100E-01,-0.002
1.102E-01,-0.003
1.104E-01,-0.004
1.106E-01,-0.002
1.108E-01,0.000
1.110E-01,-0.001
1.112E-01,-0.001
1.114E-01,-0.001
1.116E-01,-0.001
1.118E-01,0.001
1.120E-01,0.000
1.122E-01,0.002
1.124E-01,0.000
1.126E-01,0.000
1.128E-01,0.001
1.130E-01,0.003
1.132E-01,0.002
1.134E-01,0.002
1.136E-01,0.002
1.138E-01,0.002
1.140E-01,0.002
1.142E-01,0.005
1.144E-01,0.004
1.146E-01,0.003
1.148E-01,0.003
1.150E-01,0.003
1.152E-01,0.005
1.154E-01,0.005
1.156E-01,0.005
1.158E-01,0.007
1.160E-01,0.006
1.162E-01,0.005
1.164E-01,0.005
1.166E-01,0.006
1.168E-01,0.006
1.170E-01,0.007
1.172E-01,0.009
1.174E-01,0.008
1.176E-01,0.010
1.178E-01,0.010
1.180E-01,0.010
1.182E-01,0.011
1.184E-01,0.011
1.186E-01,0.013
1.188E-01,0.012
1.190E-01,0.012
1.192E-01,0.012
1.194E-01,0.010
1.196E-01,0.010
1.198E-01,0.010
1.200E-01,0.013
1.202E-01,0.012
1.204E-01,0.013
1.206E-01,0.013
1.208E-01,0.012
1.210E-01,0.013
1.212E-01,0.014
1.214E-01,0.012
1.216E-01,0.012
1.218E-01,0.012
1.220E-01,0.013
1.222E-01,0.013
1.224E-01,0.013
1.226E-01,0.014
1.228E-01,0.014
1.230E-01,0.014
1.232E-01,0.014
1.234E-01,0.014
1.236E-01,0.013
1.238E-01,0.011
1.240E-01,0.013
1.242E-01,0.013
1.244E-01,0.015
1.246E-01,0.013
1.248E-01,0.014
1.250E-01,0.014
1.252E-01,0.012
1.254E-01,0.014
1.256E-01,0.013
1.258E-01,0.013
1.260E-01,0.013
1.262E-01,0.014
1.264E-01,0.012
1.266E-01,0.012
1.268E-01,0.012
1.270E-01,0.012
1.272E-01,0.013
1.274E-01,0.014
1.276E-01,0.014
1.278E-01,0.014
1.280E-01,0.014
1.282E-01,0.014
1.284E-01,0.016
1.286E-01,0.015
1.288E-01,0.014
1.290E-01,0.014
1.292E-01,0.014
1.294E-01,0.014
1.296E-01,0.013
1.298E-01,0.011
1.300E-01,0.012
1.302E-01,0.012
1.304E-01,0.013
1.306E-01,0.014
1.308E-01,0.014
1.310E-01,0.016
1.312E-01,0.014
1.314E-01,0.014
1.316E-01,0.014
1.318E-01,0.013
1.320E-01,0.013
1.322E-01,0.014
1.324E-01,0.014
1.326E-01,0.013
1.328E-01,0.013
1.330E-01,0.013
1.332E-01,0.014
1.334E-01,0.013
1.336E-01,0.013
1.338E-01,0.013
1.340E-01,0.012
1.342E-01,0.013
1.344E-01,0.013
1.346E-01,0.013
1.348E-01,0.013
1.350E-01,0.013
1.352E-01,0.013
1.354E-01,0.013
1.356E-01,0.013
1.358E-01,0.013
1.360E-01,0.012
1.362E-01,0.012
1.364E-01,0.012
1.366E-01,0.012
1.368E-01,0.012
1.370E-01,0.011
1.372E-01,0.012
1.374E-01,0.010
1.376E-01,0.010
1.378E-01,0.010
1.380E-01,0.010
1.382E-01,0.010
1.384E-01,0.012
1.386E-01,0.011
1.388E-01,0.010
1.390E-01,0.010
1.392E-01,0.010
1.394E-01,0.011
1.396E-01,0.010
1.398E-01,0.010
1.400E-01,0.010
1.402E-01,0.010
1.404E-01,0.012
1.406E-01,0.012
1.408E-01,0.010
1.410E-01,0.012
1.412E-01,0.012
1.414E-01,0.014
1.416E-01,0.014
1.418E-01,0.012
1.420E-01,0.013
1.422E-01,0.012
1.424E-01,0.012
1.426E-01,0.012
1.428E-01,0.012
1.430E-01,0.012
1.432E-01,0.010
1.434E-01,0.011
1.436E-01,0.010
1.438E-01,0.010
1.440E-01,0.010
1.442E-01,0.010
1.444E-01,0.010
1.446E-01,0.010
1.448E-01,0.010
1.450E-01,0.010
1.452E-01,0.010
1.454E-01,0.010
1.456E-01,0.009
1.458E-01,0.010
1.460E-01,0.009
1.462E-01,0.008
1.464E-01,0.009
1.466E-01,0.008
1.468E-01,0.010
1.470E-01,0.009
1.472E-01,0.010
1.474E-01,0.010
1.476E-01,0.009
1.478E-01,0.010
1.480E-01,0.009
1.482E-01,0.008
1.484E-01,0.007
1.486E-01,0.006
1.488E-01,0.008
1.490E-01,0.006
1.492E-01,0.007
1.494E-01,0.009
1.496E-01,0.008
1.498E-01,0.007
1.500E-01,0.007
1.502E-01,0.007
1.504E-01,0.008
1.506E-01,0.010
1.508E-01,0.010
1.510E-01,0.010
1.512E-01,0.009
1.514E-01,0.009
1.516E-01,0.010
1.518E-01,0.010
1.520E-01,0.010
1.522E-01,0.009
1.524E-01,0.010
1.526E-01,0.007
1.528E-01,0.007
1.530E-01,0.006
1.532E-01,0.007
1.534E-01,0.006
1.536E-01,0.007
1.538E-01,0.006
1.540E-01,0.006
1.542E-01,0.006
1.544E-01,0.006
1.546E-01,0.006
1.548E-01,0.006
1.550E-01,0.008
1.552E-01,0.006
1.554E-01,0.006
1.556E-01,0.006
1.558E-01,0.006
1.560E-01,0.006
1.562E-01,0.006
1.564E-01,0.008
1.566E-01,0.006
1.568E-01,0.006
1.570E-01,0.007
1.572E-01,0.008
1.574E-01,0.006
1.576E-01,0.006
1.578E-01,0.007
1.580E-01,0.006
1.582E-01,0.006
1.584E-01,0.006
1.586E-01,0.006
1.588E-01,0.006
1.590E-01,0.006
1.592E-01,0.006
1.594E-01,0.006
1.596E-01,0.006
1.598E-01,0.005
1.600E-01,0.005
1.602E-01,0.006
1.604E-01,0.004
1.606E-01,0.003
1.608E-01,0.003
1.610E-01,0.004
1.612E-01,0.003
1.614E-01,0.004
1.616E-01,0.002
1.618E-01,0.003
1.620E-01,0.004
1.622E-01,0.003
1.624E-01,0.004
1.626E-01,0.002
1.628E-01,0.003
1.630E-01,0.005
1.632E-01,0.003
1.634E-01,0.003
1.636E-01,0.004
1.638E-01,0.006
1.640E-01,0.005
1.642E-01,0.006
1.644E-01,0.004
1.646E-01,0.005
1.648E-01,0.006
1.650E-01,0.006
1.652E-01,0.006
1.654E-01,0.005
1.656E-01,0.005
1.658E-01,0.004
1.660E-01,0.003
1.662E-01,0.003
1.664E-01,0.001
1.666E-01,0.000
1.668E-01,0.001
1.670E-01,0.002
1.672E-01,0.002
1.674E-01,0.002
1.676E-01,0.002
1.678E-01,0.001
1.680E-01,0.002
1.682E-01,0.003
1.684E-01,0.003
1.686E-01,0.004
1.688E-01,0.002
1.690E-01,0.002
1.692E-01,0.002
1.694E-01,0.001
1.696E-01,0.003
1.698E-01,0.004
1.700E-01,0.003
1.702E-01,0.004
1.704E-01,0.002
1.706E-01,0.002
1.708E-01,0.002
1.710E-01,0.002
1.712E-01,0.002
1.714E-01,0.002
1.716E-01,0.002
1.718E-01,0.002
1.720E-01,0.003
1.722E-01,0.002
1.724E-01,0.003
1.726E-01,0.004
1.728E-01,0.002
1.730E-01,0.002
1.732E-01,0.002
1.734E-01,0.002
1.736E-01,0.004
1.738E-01,0.002
1.740E-01,0.002
1.742E-01,0.002
1.744E-01,0.002
1.746E-01,0.002
1.748E-01,0.003
1.750E-01,0.002
1.752E-01,0.002
1.754E-01,0.001
1.756E-01,0.002
1.758E-01,0.001
1.760E-01,0.001
1.762E-01,0.002
1.764E-01,-0.001
1.766E-01,-0.001
1.768E-01,-0.001
1.770E-01,0.000
1.772E-01,-0.001
1.774E-01,0.000
1.776E-01,0.000
1.778E-01,-0.002
1.780E-01,0.000
1.782E-01,0.000
1.784E-01,0.000
1.786E-01,0.001
1.788E-01,0.002
1.790E-01,0.001
1.792E-01,0.000
1.794E-01,0.001
1.796E-01,0.002
1.798E-01,0.002
1.800E-01,0.003
1.802E-01,0.002
1.804E-01,0.001
1.806E-01,0.001
1.808E-01,0.002
1.810E-01,0.001
1.812E-01,0.000
1.814E-01,0.002
1.816E-01,0.001
1.818E-01,0.001
1.820E-01,0.002
1.822E-01,0.002
1.824E-01,0.001
1.826E-01,0.002
1.828E-01,0.001
1.830E-01,0.002
1.832E-01,0.000
1.834E-01,0.002
1.836E-01,0.001
1.838E-01,0.002
1.840E-01,0.002
1.842E-01,0.002
1.844E-01,0.002
1.846E-01,0.002
1.848E-01,0.000
1.850E-01,0.001
1.852E-01,0.001
1.854E-01,0.001
1.856E-01,0.001
1.858E-01,0.001
1.860E-01,0.001
1.862E-01,0.001
1.864E-01,0.000
1.866E-01,0.000
1.868E-01,-0.002
1.870E-01,-0.001
1.872E-01,0.000
1.874E-01,-0.001
1.876E-01,0.001
1.878E-01,-0.002
1.880E-01,-0.001
1.882E-01,-0.002
1.884E-01,-0.002
1.886E-01,-0.002
1.888E-01,-0.002
1.890E-01,-0.002
1.892E-01,-0.001
1.894E-01,-0.002
1.896E-01,-0.002
1.898E-01,-0.002
1.900E-01,-0.001
1.902E-01,-0.001
1.904E-01,-0.002
1.906E-01,-0.001
1.908E-01,-0.002
1.910E-01,-0.001
1.912E-01,-0.001
1.914E-01,0.001
1.916E-01,0.000
1.918E-01,0.001
1.920E-01,0.000
1.922E-01,0.000
1.924E-01,0.000
1.926E-01,0.002
1.928E-01,0.001
1.930E-01,0.000
1.932E-01,0.002
1.934E-01,0.000
1.936E-01,0.001
1.938E-01,0.001
1.940E-01,0.002
1.942E-01,0.002
1.944E-01,0.002
1.946E-01,0.003
1.948E-01,0.002
1.950E-01,0.003
1.952E-01,0.001
1.954E-01,0.001
1.956E-01,0.001
1.958E-01,0.001
1.960E-01,0.000
1.962E-01,-0.001
1.964E-01,0.000
1.966E-01,-0.001
1.968E-01,-0.002
1.970E-01,-0.001
1.972E-01,-0.001
1.974E-01,0.001
1.976E-01,0.000
1.978E-01,0.000
1.980E-01,0.002
1.982E-01,0.002
1.984E-01,0.001
1.986E-01,-0.001
1.988E-01,0.000
1.990E-01,0.000
1.992E-01,0.001
1.994E-01,0.001
1.996E-01,0.001
1.998E-01,0.002
2.000E-01,0.002
2.002E-01,-0.001
2.004E-01,-0.001
2.006E-01,-0.001
2.008E-01,0.000
2.010E-01,-0.001
2.012E-01,-0.002
2.014E-01,-0.002
2.016E-01,-0.002
2.018E-01,-0.001
2.020E-01,-0.001
2.022E-01,0.001
2.024E-01,-0.001
2.026E-01,0.000
2.028E-01,-0.001
2.030E-01,0.000
2.032E-01,0.000
2.034E-01,0.001
2.036E-01,0.001
2.038E-01,0.000
2.040E-01,0.000
2.042E-01,-0.001
2.044E-01,0.000
2.046E-01,-0.002
2.048E-01,-0.001
2.050E-01,-0.002
2.052E-01,-0.002
2.054E-01,-0.002
2.056E-01,-0.001
2.058E-01,0.000
2.060E-01,-0.001
2.062E-01,0.001
2.064E-01,-0.001
2.066E-01,0.000
2.068E-01,0.000
2.070E-01,0.000
2.072E-01,-0.001
2.074E-01,0.000
2.076E-01,0.000
2.078E-01,0.000
2.080E-01,0.000
2.082E-01,0.000
2.084E-01,0.000
2.086E-01,0.000
2.088E-01,0.000
2.090E-01,-0.001
2.092E-01,-0.001
2.094E-01,0.001
2.096E-01,0.001
2.098E-01,0.001
2.100E-01,-0.001
2.102E-01,-0.001
2.104E-01,-0.001
2.106E-01,-0.001
2.108E-01,0.001
2.110E-01,-0.001
2.112E-01,0.001
2.114E-01,0.001
2.116E-01,0.002
2.118E-01,0.001
2.120E-01,0.002
2.122E-01,0.003
2.124E-01,0.001
2.126E-01,0.000
2.128E-01,0.001
2.130E-01,0.001
2.132E-01,0.000
2.134E-01,0.001
2.136E-01,0.000
2.138E-01,0.002
2.140E-01,0.002
2.142E-01,0.001
2.144E-01,0.002
2.146E-01,0.002
2.148E-01,0.001
2.150E-01,0.001
2.152E-01,0.000
2.154E-01,0.003
2.156E-01,0.002
2.158E-01,0.003
2.160E-01,0.002
2.162E-01,0.002
2.164E-01,0.002
2.166E-01,0.002
2.168E-01,0.002
2.170E-01,0.002
2.172E-01,0.001
2.174E-01,0.003
2.176E-01,0.002
2.178E-01,0.000
2.180E-01,0.000
2.182E-01,0.000
2.184E-01,-0.001
2.186E-01,0.000
2.188E-01,0.000
2.190E-01,0.001
2.192E-01,0.001
2.194E-01,0.001
2.196E-01,-0.002
2.198E-01,-0.001
2.200E-01,0.000
2.202E-01,-0.001
2.204E-01,0.000
2.206E-01,-0.001
2.208E-01,-0.002
2.210E-01,0.000
2.212E-01,0.000
2.214E-01,-0.001
2.216E-01,0.000
2.218E-01,-0.001
2.220E-01,-0.001
2.222E-01,-0.001
2.224E-01,-0.001
2.226E-01,-0.001
2.228E-01,-0.001
2.230E-01,-0.001
2.232E-01,-0.001
2.234E-01,-0.002
2.236E-01,-0.002
2.238E-01,0.000
2.240E-01,-0.001
2.242E-01,0.000
2.244E-01,0.000
2.246E-01,0.001
2.248E-01,0.001
2.250E-01,0.002
2.252E-01,0.001
2.254E-01,0.002
2.256E-01,0.001
2.258E-01,0.002
2.260E-01,0.002
2.262E-01,0.001
2.264E-01,0.001
2.266E-01,0.002
2.268E-01,0.002
2.270E-01,0.002
2.272E-01,0.002
2.274E-01,0.001
2.276E-01,0.001
2.278E-01,-0.001
2.280E-01,0.000
2.282E-01,0.000
2.284E-01,0.000
2.286E-01,0.000
2.288E-01,0.001
2.290E-01,-0.001
2.292E-01,-0.002
2.294E-01,-0.001
2.296E-01,0.000
2.298E-01,0.001
2.300E-01,0.002
2.302E-01,0.001
2.304E-01,0.001
2.306E-01,-0.001
2.308E-01,0.000
2.310E-01,0.000
2.312E-01,0.000
2.314E-01,0.000
2.316E-01,0.002
2.318E-01,0.002
2.320E-01,0.002
2.322E-01,0.001
2.324E-01,0.002
2.326E-01,0.001
2.328E-01,0.001
2.330E-01,0.002
2.332E-01,0.000
2.334E-01,0.000
2.336E-01,0.001
2.338E-01,-0.001
2.340E-01,0.000
2.342E-01,0.000
2.344E-01,0.000
2.346E-01,0.001
2.348E-01,0.001
2.350E-01,0.001
2.352E-01,0.000
2.354E-01,0.000
2.356E-01,0.000
2.358E-01,-0.001
2.360E-01,0.000
2.362E-01,-0.001
2.364E-01,-0.001
2.366E-01,0.000
2.368E-01,0.000
2.370E-01,-0.001
2.372E-01,-0.002
2.374E-01,-0.001
2.376E-01,0.000
2.378E-01,0.000
2.380E-01,0.000
2.382E-01,0.000
2.384E-01,-0.001
2.386E-01,0.000
2.388E-01,-0.001
2.390E-01,-0.001
2.392E-01,-0.002
2.394E-01,0.000
2.396E-01,0.000
2.398E-01,0.000
2.400E-01,0.001
2.402E-01,0.002
2.404E-01,0.002
2.406E-01,0.001
2.408E-01,0.002
2.410E-01,0.002
2.412E-01,0.003
2.414E-01,0.002
2.416E-01,0.005
2.418E-01,0.006
2.420E-01,0.006
2.422E-01,0.007
2.424E-01,0.007
2.426E-01,0.009
2.428E-01,0.009
2.430E-01,0.007
2.432E-01,0.009
2.434E-01,0.007
2.436E-01,0.008
2.438E-01,0.008
2.440E-01,0.007
2.442E-01,0.007
2.444E-01,0.006
2.446E-01,0.007
2.448E-01,0.007
2.450E-01,0.008
2.452E-01,0.007
2.454E-01,0.008
2.456E-01,0.008
2.458E-01,0.007
2.460E-01,0.006
2.462E-01,0.006
2.464E-01,0.006
2.466E-01,0.006
2.468E-01,0.004
2.470E-01,0.006
2.472E-01,0.003
2.474E-01,0.003
2.476E-01,0.002
2.478E-01,0.002
2.480E-01,0.003
2.482E-01,0.003
2.484E-01,0.002
2.486E-01,0.003
2.488E-01,0.002
2.490E-01,0.002
2.492E-01,0.002
2.494E-01,0.003
2.496E-01,0.002
2.498E-01,0.003
2.500E-01,0.001
2.502E-01,0.001
2.504E-01,0.002
2.506E-01,0.002
2.508E-01,0.002
2.510E-01,0.002
2.512E-01,0.002
2.514E-01,0.002
2.516E-01,0.002
2.518E-01,0.002
2.520E-01,0.002
2.522E-01,0.002
2.524E-01,0.002
2.526E-01,0.002
2.528E-01,0.002
2.530E-01,0.002
2.532E-01,0.002
2.534E-01,0.000
2.536E-01,0.000
2.538E-01,0.002
2.540E-01,0.000
2.542E-01,0.001
2.544E-01,0.002
2.546E-01,0.000
2.548E-01,0.000
2.550E-01,-0.001
2.552E-01,-0.002
2.554E-01,-0.002
2.556E-01,0.000
2.558E-01,0.001
2.560E-01,0.002
2.562E-01,0.001
2.564E-01,-0.001
2.566E-01,-0.001
2.568E-01,-0.001
2.570E-01,-0.002
2.572E-01,-0.002
2.574E-01,-0.002
2.576E-01,-0.001
2.578E-01,-0.002
2.580E-01,-0.001
2.582E-01,-0.001
2.584E-01,-0.001
2.586E-01,-0.001
2.588E-01,0.001
2.590E-01,-0.001
2.592E-01,0.000
2.594E-01,-0.001
2.596E-01,-0.001
2.598E-01,-0.002
2.600E-01,-0.002
2.602E-01,-0.002
2.604E-01,-0.001
2.606E-01,-0.002
2.608E-01,-0.001
2.610E-01,-0.002
2.612E-01,-0.001
2.614E-01,-0.002
2.616E-01,-0.002
2.618E-01,-0.001
2.620E-01,0.000
2.622E-01,-0.001
2.624E-01,-0.001
2.626E-01,0.000
2.628E-01,0.000
2.630E-01,0.000
2.632E-01,-0.002
2.634E-01,0.000
2.636E-01,0.000
2.638E-01,0.001
2.640E-01,0.001
2.642E-01,0.002
2.644E-01,-0.002
2.646E-01,-0.002
2.648E-01,-0.001
2.650E-01,-0.001
2.652E-01,0.000
2.654E-01,-0.002
2.656E-01,0.000
2.658E-01,-0.001
2.660E-01,-0.001
2.662E-01,0.000
2.664E-01,-0.001
2.666E-01,0.001
2.668E-01,0.001
2.670E-01,0.001
2.672E-01,-0.002
2.674E-01,0.001
2.676E-01,-0.002
2.678E-01,-0.001
2.680E-01,-0.001
2.682E-01,0.000
2.684E-01,0.001
2.686E-01,-0.001
2.688E-01,0.000
2.690E-01,-0.001
2.692E-01,0.001
2.694E-01,0.001
2.696E-01,0.002
2.698E-01,0.000
2.700E-01,0.000
2.702E-01,0.000
2.704E-01,0.000
2.706E-01,0.001
2.708E-01,0.001
2.710E-01,-0.001
2.712E-01,0.000
2.714E-01,0.000
2.716E-01,0.000
2.718E-01,0.001
2.720E-01,0.002
2.722E-01,0.002
2.724E-01,0.001
2.726E-01,0.000
2.728E-01,0.000
2.730E-01,0.000
2.732E-01,0.000
2.734E-01,0.000
2.736E-01,0.000
2.738E-01,-0.001
2.740E-01,0.000
2.742E-01,0.001
2.744E-01,0.002
2.746E-01,0.001
2.748E-01,0.000
2.750E-01,0.000
2.752E-01,-0.001
2.754E-01,0.000
2.756E-01,0.000
2.758E-01,0.001
2.760E-01,0.000
2.762E-01,-0.001
2.764E-01,0.000
2.766E-01,0.002
2.768E-01,0.002
2.770E-01,0.002
2.772E-01,0.000
2.774E-01,0.002
2.776E-01,0.001
2.778E-01,0.002
2.780E-01,0.002
2.782E-01,0.002
2.784E-01,0.002
2.786E-01,0.001
2.788E-01,0.001
2.790E-01,0.000
2.792E-01,0.000
2.794E-01,-0.001
2.796E-01,0.001
2.798E-01,0.000
2.800E-01,0.001
2.802E-01,0.000
2.804E-01,0.000
2.806E-01,0.000
2.808E-01,0.000
2.810E-01,-0.001
2.812E-01,-0.001
2.814E-01,0.000
2.816E-01,0.002
2.818E-01,0.000
2.820E-01,0.000
2.822E-01,0.000
2.824E-01,0.000
2.826E-01,-0.001
2.828E-01,-0.001
2.830E-01,0.000
2.832E-01,0.000
2.834E-01,-0.001
2.836E-01,-0.001
2.838E-01,-0.001
2.840E-01,-0.002
2.842E-01,0.000
2.844E-01,-0.001
2.846E-01,0.000
2.848E-01,-0.001
2.850E-01,0.000
2.852E-01,0.000
2.854E-01,0.000
2.856E-01,0.000
2.858E-01,-0.001
2.860E-01,0.001
2.862E-01,0.001
2.864E-01,0.001
2.866E-01,0.000
2.868E-01,-0.002
2.870E-01,0.000
2.872E-01,0.000
2.874E-01,0.000
2.876E-01,0.000
2.878E-01,0.001
2.880E-01,0.000
2.882E-01,0.001
2.884E-01,0.001
2.886E-01,0.000
2.888E-01,0.001
2.890E-01,0.001
2.892E-01,-0.001
2.894E-01,-0.001
2.896E-01,-0.002
2.898E-01,-0.001
2.900E-01,-0.002
2.902E-01,-0.002
2.904E-01,-0.002
2.906E-01,-0.002
2.908E-01,-0.001
2.910E-01,-0.002
2.912E-01,-0.001
2.914E-01,-0.001
2.916E-01,-0.001
2.918E-01,-0.001
2.920E-01,-0.001
2.922E-01,0.000
2.924E-01,0.000
2.926E-01,-0.001
2.928E-01,0.000
2.930E-01,0.000
2.932E-01,0.001
2.934E-01,-0.001
2.936E-01,-0.001
2.938E-01,0.000
2.940E-01,-0.002
2.942E-01,0.001
2.944E-01,0.001
2.946E-01,0.000
2.948E-01,0.000
2.950E-01,0.000
2.952E-01,-0.002
2.954E-01,-0.001
2.956E-01,0.000
2.958E-01,-0.001
2.960E-01,0.000
2.962E-01,0.000
2.964E-01,0.000
2.966E-01,0.001
2.968E-01,0.002
2.970E-01,0.002
2.972E-01,0.001
2.974E-01,0.001
2.976E-01,0.001
2.978E-01,0.002
2.980E-01,0.002
2.982E-01,0.002
2.984E-01,0.002
2.986E-01,0.002
2.988E-01,0.000
2.990E-01,0.001
2.992E-01,0.001
2.994E-01,0.000
2.996E-01,0.001
2.998E-01,0.000
3.000E-01,0.000
3.002E-01,0.001
3.004E-01,0.002
3.006E-01,0.002
3.008E-01,0.001
3.010E-01,0.002
3.012E-01,0.000
3.014E-01,0.000
3.016E-01,0.002
3.018E-01,0.000
3.020E-01,0.000
3.022E-01,0.000
3.024E-01,0.000
3.026E-01,0.002
3.028E-01,0.002
3.030E-01,0.002
3.032E-01,0.002
3.034E-01,0.003
3.036E-01,0.002
3.038E-01,0.001
3.040E-01,0.002
3.042E-01,0.000
3.044E-01,0.002
3.046E-01,0.002
3.048E-01,0.001
3.050E-01,0.000
3.052E-01,-0.001
3.054E-01,0.000
3.056E-01,0.000
3.058E-01,0.001
3.060E-01,0.001
3.062E-01,0.001
3.064E-01,0.000
3.066E-01,0.001
3.068E-01,0.001
3.070E-01,0.002
3.072E-01,0.003
3.074E-01,0.001
3.076E-01,0.002
3.078E-01,0.002
3.080E-01,0.002
3.082E-01,0.002
3.084E-01,0.002
3.086E-01,0.003
3.088E-01,0.003
3.090E-01,0.003
3.092E-01,0.002
3.094E-01,0.002
3.096E-01,0.002
3.098E-01,0.001
3.100E-01,0.002
3.102E-01,-0.001
3.104E-01,0.002
3.106E-01,0.002
3.108E-01,0.002
3.110E-01,0.002
3.112E-01,0.001
3.114E-01,0.001
3.116E-01,0.001
3.118E-01,0.000
3.120E-01,0.001
3.122E-01,0.001
3.124E-01,0.001
3.126E-01,0.001
3.128E-01,0.000
3.130E-01,-0.001
3.132E-01,0.000
3.134E-01,-0.001
3.136E-01,-0.001
3.138E-01,-0.001
3.140E-01,0.000
3.142E-01,0.000
3.144E-01,0.000
3.146E-01,0.000
3.148E-01,0.000
3.150E-01,0.001
3.152E-01,-0.001
3.154E-01,0.002
3.156E-01,0.002
3.158E-01,0.001
3.160E-01,0.000
3.162E-01,0.000
3.164E-01,0.000
3.166E-01,0.000
3.168E-01,0.002
3.170E-01,0.002
3.172E-01,0.001
3.174E-01,0.001
3.176E-01,0.002
3.178E-01,0.002
3.180E-01,0.003
3.182E-01,0.004
3.184E-01,0.003
3.186E-01,0.002
3.188E-01,0.002
3.190E-01,0.002
3.192E-01,0.002
3.194E-01,0.001
3.196E-01,0.002
3.198E-01,0.003
3.200E-01,0.002
3.202E-01,0.002
3.204E-01,0.002
3.206E-01,0.002
3.208E-01,0.001
3.210E-01,0.002
3.212E-01,0.001
3.214E-01,0.001
3.216E-01,0.002
3.218E-01,0.001
3.220E-01,0.001
3.222E-01,0.000
3.224E-01,-0.001
3.226E-01,0.000
3.228E-01,0.002
3.230E-01,0.000
3.232E-01,0.000
3.234E-01,-0.001
3.236E-01,0.000
3.238E-01,0.000
3.240E-01,0.001
3.242E-01,0.002
3.244E-01,0.002
3.246E-01,0.002
3.248E-01,0.003
3.250E-01,0.002
3.252E-01,0.002
3.254E-01,0.003
3.256E-01,0.002
3.258E-01,0.002
3.260E-01,0.002
3.262E-01,0.002
3.264E-01,0.001
3.266E-01,0.000
3.268E-01,0.000
3.270E-01,0.000
3.272E-01,0.000
3.274E-01,0.001
3.276E-01,0.002
3.278E-01,0.002
3.280E-01,0.002
3.282E-01,0.002
3.284E-01,0.002
3.286E-01,0.001
3.288E-01,0.001
3.290E-01,0.002
3.292E-01,0.001
3.294E-01,0.000
3.296E-01,0.000
3.298E-01,0.000
3.300E-01,0.000
3.302E-01,0.001
3.304E-01,-0.002
3.306E-01,-0.002
3.308E-01,-0.002
3.310E-01,-0.002
3.312E-01,-0.002
3.314E-01,0.000
3.316E-01,0.000
3.318E-01,-0.002
3.320E-01,0.000
3.322E-01,0.000
3.324E-01,0.001
3.326E-01,0.001
3.328E-01,0.001
3.330E-01,0.000
3.332E-01,0.000
3.334E-01,0.001
3.336E-01,-0.001
3.338E-01,-0.001
3.340E-01,0.000
3.342E-01,0.001
3.344E-01,-0.001
3.346E-01,0.000
3.348E-01,-0.001
3.350E-01,-0.001
3.352E-01,0.000
3.354E-01,0.000
3.356E-01,0.001
3.358E-01,0.001
3.360E-01,0.000
3.362E-01,0.000
3.364E-01,0.002
3.366E-01,0.002
3.368E-01,0.003
3.370E-01,0.002
3.372E-01,0.001
3.374E-01,0.000
3.376E-01,0.000
3.378E-01,0.002
3.380E-01,0.001
3.382E-01,0.001
3.384E-01,0.002
3.386E-01,0.002
3.388E-01,0.001
3.390E-01,0.001
3.392E-01,0.000
3.394E-01,0.001
3.396E-01,0.001
3.398E-01,0.002
3.400E-01,0.001
3.402E-01,0.002
3.404E-01,0.002
3.406E-01,0.002
3.408E-01,0.002
3.410E-01,0.002
3.412E-01,0.002
3.414E-01,0.003
3.416E-01,0.003
3.418E-01,0.002
3.420E-01,0.001
3.422E-01,0.001
3.424E-01,0.001
3.426E-01,0.000
3.428E-01,0.000
3.430E-01,0.000
3.432E-01,0.000
3.434E-01,-0.001
3.436E-01,-0.001
3.438E-01,0.001
3.440E-01,0.000
3.442E-01,0.001
3.444E-01,0.002
3.446E-01,0.001
3.448E-01,0.001
3.450E-01,0.001
3.452E-01,0.001
3.454E-01,0.002
3.456E-01,0.001
3.458E-01,0.001
3.460E-01,0.002
3.462E-01,0.002
3.464E-01,-0.001
3.466E-01,0.000
3.468E-01,0.001
3.470E-01,0.000
3.472E-01,0.000
3.474E-01,0.002
3.476E-01,0.000
3.478E-01,0.001
3.480E-01,0.002
3.482E-01,0.002
3.484E-01,0.002
3.486E-01,0.002
3.488E-01,0.002
3.490E-01,0.001
3.492E-01,0.002
3.494E-01,0.002
3.496E-01,0.001
3.498E-01,0.001
3.500E-01,0.002
3.502E-01,0.002
3.504E-01,0.003
3.506E-01,0.003
3.508E-01,0.003
3.510E-01,0.003
3.512E-01,0.002
3.514E-01,0.002
3.516E-01,0.002
3.518E-01,0.002
3.520E-01,0.002
3.522E-01,0.003
3.524E-01,0.002
3.526E-01,0.001
3.528E-01,0.002
3.530E-01,0.002
3.532E-01,0.001
3.534E-01,0.002
3.536E-01,0.001
3.538E-01,0.002
3.540E-01,0.002
3.542E-01,0.002
3.544E-01,0.002
3.546E-01,0.001
3.548E-01,-0.001
3.550E-01,0.001
3.552E-01,0.002
3.554E-01,0.002
3.556E-01,0.002
3.558E-01,0.002
3.560E-01,0.003
3.562E-01,0.003
3.564E-01,0.003
3.566E-01,0.003
3.568E-01,0.003
3.570E-01,0.002
3.572E-01,0.002
3.574E-01,0.002
3.576E-01,0.002
3.578E-01,0.002
3.580E-01,0.001
3.582E-01,0.001
3.584E-01,0.002
3.586E-01,0.001
3.588E-01,0.001
3.590E-01,0.002
3.592E-01,0.001
3.594E-01,0.001
3.596E-01,0.002
3.598E-01,0.001
3.600E-01,0.001
3.602E-01,0.001
3.604E-01,0.000
3.606E-01,0.001
3.608E-01,0.000
3.610E-01,0.002
3.612E-01,0.001
3.614E-01,0.000
3.616E-01,0.001
3.618E-01,-0.001
3.620E-01,-0.001
3.622E-01,-0.001
3.624E-01,-0.001
3.626E-01,-0.001
3.628E-01,0.002
3.630E-01,0.002
3.632E-01,0.002
3.634E-01,0.001
3.636E-01,0.002
3.638E-01,0.003
3.640E-01,0.002
3.642E-01,0.002
3.644E-01,0.002
3.646E-01,0.002
3.648E-01,0.002
3.650E-01,0.002
3.652E-01,0.002
3.654E-01,0.001
3.656E-01,0.002
3.658E-01,0.002
3.660E-01,0.001
3.662E-01,0.002
3.664E-01,-0.001
3.666E-01,0.000
3.668E-01,0.000
3.670E-01,0.001
3.672E-01,0.001
3.674E-01,0.000
3.676E-01,0.001
3.678E-01,0.000
3.680E-01,0.001
3.682E-01,0.002
3.684E-01,0.002
3.686E-01,0.003
3.688E-01,0.004
3.690E-01,0.002
3.692E-01,0.003
3.694E-01,0.002
3.696E-01,0.002
3.698E-01,0.003
3.700E-01,0.002
3.702E-01,0.001
3.704E-01,0.002
3.706E-01,0.002
3.708E-01,0.002
3.710E-01,0.004
3.712E-01,0.004
3.714E-01,0.003
3.716E-01,0.002
3.718E-01,0.002
3.720E-01,0.001
3.722E-01,0.002
3.724E-01,0.002
3.726E-01,0.002
3.728E-01,0.002
3.730E-01,0.002
3.732E-01,0.002
3.734E-01,0.002
3.736E-01,0.002
3.738E-01,0.003
3.740E-01,0.002
3.742E-01,0.001
3.744E-01,0.001
3.746E-01,0.002
3.748E-01,0.003
3.750E-01,0.002
3.752E-01,0.002
3.754E-01,0.002
3.756E-01,0.003
3.758E-01,0.004
3.760E-01,0.004
3.762E-01,0.003
3.764E-01,0.004
3.766E-01,0.002
3.768E-01,0.002
3.770E-01,0.002
3.772E-01,0.003
3.774E-01,0.003
3.776E-01,0.001
3.778E-01,0.002
3.780E-01,0.004
3.782E-01,0.002
3.784E-01,0.002
3.786E-01,0.002
3.788E-01,0.002
3.790E-01,0.001
3.792E-01,0.001
3.794E-01,0.002
3.796E-01,0.001
3.798E-01,0.002
3.800E-01,0.002
3.802E-01,0.002
3.804E-01,0.002
3.806E-01,0.000
3.808E-01,-0.001
3.810E-01,0.000
3.812E-01,0.001
3.814E-01,0.000
3.816E-01,0.000
3.818E-01,0.001
3.820E-01,-0.001
3.822E-01,-0.002
3.824E-01,-0.001
3.826E-01,-0.001
3.828E-01,0.000
3.830E-01,0.000
3.832E-01,0.000
3.834E-01,0.000
3.836E-01,-0.002
3.838E-01,-0.002
3.840E-01,-0.001
3.842E-01,0.000
3.844E-01,-0.001
3.846E-01,0.001
3.848E-01,-0.002
3.850E-01,-0.002
3.852E-01,-0.002
3.854E-01,-0.002
3.856E-01,0.001
3.858E-01,0.002
3.860E-01,-0.001
3.862E-01,0.000
3.864E-01,0.001
3.866E-01,0.000
3.868E-01,-0.002
3.870E-01,-0.001
3.872E-01,-0.001
3.874E-01,-0.001
3.876E-01,-0.001
3.878E-01,0.000
3.880E-01,0.000
3.882E-01,0.000
3.884E-01,0.001
3.886E-01,0.002
3.888E-01,0.001
3.890E-01,0.001
3.892E-01,0.002
3.894E-01,0.002
3.896E-01,0.002
3.898E-01,0.002
3.900E-01,0.001
3.902E-01,0.001
3.904E-01,0.002
3.906E-01,0.003
3.908E-01,0.001
3.910E-01,0.002
3.912E-01,0.003
3.914E-01,0.002
3.916E-01,0.001
3.918E-01,0.002
3.920E-01,0.001
3.922E-01,0.002
3.924E-01,0.002
3.926E-01,0.002
3.928E-01,0.002
3.930E-01,-0.001
3.932E-01,0.001
3.934E-01,0.001
3.936E-01,0.001
3.938E-01,0.001
3.940E-01,0.002
3.942E-01,0.001
3.944E-01,0.002
3.946E-01,0.002
3.948E-01,0.002
3.950E-01,0.002
3.952E-01,0.002
3.954E-01,0.003
3.956E-01,0.003
3.958E-01,0.002
3.960E-01,0.000
3.962E-01,0.002
3.964E-01,0.001
3.966E-01,0.002
3.968E-01,0.001
3.970E-01,0.002
3.972E-01,0.002
3.974E-01,0.000
3.976E-01,-0.001
3.978E-01,0.000
3.980E-01,0.000
3.982E-01,0.002
3.984E-01,0.002
3.986E-01,0.002
3.988E-01,0.003
3.990E-01,0.002
3.992E-01,0.003
3.994E-01,0.002
3.996E-01,0.002
3.998E-01,0.002
